  0.92630
  0.94058
  0.95486
  0.96915
  0.98345
  0.99776
  1.01207
  1.02639
  1.04071
  1.05504
  1.06938
  1.08372
  1.09807
  1.11242
  1.12677
  1.14113
  1.15549
  1.16986
  1.18423
  1.19860
  1.21297
  1.22735
  1.24173
  1.25610
  1.27048
  1.28486
  1.29924
  1.31362
  1.32800
  1.34238
  1.35676
  1.37114
  1.38551
  1.39988
  1.41425
  1.42862
  1.44298
  1.45735
  1.47170
  1.48606
  1.50041
  1.51475
  1.52909
  1.54342
  1.55775
  1.57208
  1.58639
  1.60070
  1.61500
  1.62930
  1.64359
  1.65787
  1.67214
  1.68640
  1.70066
  1.71490
  1.72914
  1.74336
  1.75758
  1.77178
  1.78597
  1.80016
  1.81433
  1.82849
  1.84263
  1.85677
  1.87089
  1.88500
  1.89909
  1.91317
  1.92724
  1.94129
  1.95533
  1.96935
  1.98335
  1.99734
  2.01132
  2.02528
  2.03922
  2.05314
  2.06705
  2.08094
  2.09481
  2.10866
  2.12249
  2.13631
  2.15010
  2.16388
  2.17763
  2.19136
  2.20508
  2.21877
  2.23244
  2.24609
  2.25972
  2.27332
  2.28690
  2.30046
  2.31400
  2.32751
  2.34100
  2.35446
  2.36790
  2.38131
  2.39470
  2.40806
  2.42140
  2.43471
  2.44799
  2.46125
  2.47448
  2.48768
  2.50086
  2.51400
  2.52712
  2.54020
  2.55326
  2.56629
  2.57929
  2.59226
  2.60520
  2.61810
  2.63098
  2.64382
  2.65663
  2.66941
  2.68216
  2.69487
  2.52754
  2.54853
  2.56957
  2.59030
  2.61113
  2.63283
  2.65250
  2.67348
  2.69431
  2.71494
  2.73553
  2.75585
  2.77691
  2.79758
  2.81832
  2.83877
  2.85982
  2.88075
  2.90242
  2.92302
  2.94396
  2.96427
  2.98510
  3.00592
  3.02680
  3.04836
  3.06856
  3.08939
  3.10975
  3.13050
  3.15155
  3.17259
  3.19283
  3.21374
  3.23466
  3.25542
  3.27633
  3.29755
  3.31818
  3.33937
  3.35972
  3.38088
  3.40178
  3.42263
  3.44343
  3.46414
  3.48462
  3.50503
  3.52551
  3.54621
  3.56676
  3.58779
  3.60795
  3.62849
  3.64916
  3.66960
  3.69018
  3.71059
  3.73140
  3.75257
  3.77304
  3.79398
  3.81432
  3.83518
  3.85568
  3.87627
  3.89651
  3.91641
  3.93712
  3.95748
  3.97762
  3.99826
  4.01794
  4.03836
  4.05862
  4.07862
  4.09876
  4.11862
  4.13866
  4.15918
  4.17973
  4.19993
  4.21990
  4.24067
  4.26050
  4.28011
  4.30031
  4.31990
  4.33989
  4.35946
  4.37934
  4.39929
  4.41804
  4.43688
  4.45633
  4.48164
  4.49978
  4.51749
  4.53551
  4.55536
  4.57491
  4.59490
  4.61414
  4.63430
  4.65328
  4.67243
  4.69179
  4.71111
  4.73050
  4.75029
  4.76920
  4.78839
  4.80721
  4.82629
  4.84453
  4.86440
  4.88303
  4.90231
  4.92104
  4.93939
  4.95797
  4.97629
  4.99490
  5.01499
  5.03351
  5.05180
  5.07091
  5.08898
  0.36440
  0.37070
  0.37850
  0.38610
  0.39360
  0.40110
  0.40910
  0.41640
  0.42380
  0.43130
  0.43870
  0.44600
  0.45340
  0.46090
  0.46850
  0.47600
  0.48350
  0.49110
  0.49850
  0.50600
  0.51360
  0.52100
  0.52850
  0.53590
  0.54330
  0.55080
  0.55830
  0.56570
  0.57300
  0.58050
  0.58800
  0.59530
  0.60290
  0.61040
  0.61790
  0.62530
  0.63250
  0.64000
  0.64750
  0.65520
  0.66260
  0.67000
  0.67730
  0.68480
  0.69230
  0.69970
  0.70700
  0.71450
  0.72200
  0.72960
  0.73700
  0.74440
  0.75190
  0.75930
  0.76670
  0.77410
  0.78150
  0.78880
  0.79630
  0.80370
  0.81100
  0.81850
  0.82610
  0.83360
  0.84110
  0.84840
  0.85580
  0.86330
  0.87060
  0.87800
  0.88540
  0.89270
  0.90010
  0.90750
  0.91480
  0.92220
  0.92990
  0.93730
  0.94480
  0.95210
  0.95960
  0.96700
  0.97430
  0.98170
  0.98890
  0.99630
  1.00370
  1.01090
  1.01820
  1.02550
  1.03290
  1.04030
  1.04794
  1.05534
  1.06252
  1.06987
