0.000000
0.903993
1.808220
2.712690
3.617390
4.522320
5.427490
6.332900
7.238530
8.144410
9.050510
9.956850
10.863400
11.770200
12.677300
13.584500
14.492000
15.399800
16.307700
17.215900
18.124300
19.033000
19.941900
20.851000
21.760300
22.669900
23.579700
24.489700
25.399900
26.310400
27.221100
28.132100
29.043200
29.954600
30.866200
31.778100
32.690100
33.602400
34.514900
35.427700
36.340600
37.253800
38.167200
39.080800
39.994700
40.908700
41.823000
42.737600
43.652300
44.567300
45.482400
46.397800
47.313500
48.229300
49.145400
50.061600
50.978100
51.894900
52.811800
53.728900
54.646300
55.563900
56.481700
57.399700
58.318000
59.236400
60.155100
61.074000
61.993100
62.912400
63.831900
64.751700
65.671600
66.591800
67.512200
68.432800
69.353600
70.274600
71.195800
72.117300
73.038900
73.960800
74.882900
75.805200
76.727700
77.650400
78.573300
79.496500
80.419800
81.343300
82.267100
83.191100
84.115200
85.039600
85.964200
86.889000
87.814000
88.739200
89.664600
90.590200
91.516100
92.442100
93.368300
94.294800
95.221400
96.148200
97.075300
98.002500
98.930000
99.857700
100.786000
101.714000
102.642000
103.570000
104.499000
105.428000
106.357000
107.286000
108.216000
109.145000
110.075000
111.005000
111.936000
112.866000
113.797000
114.728000
115.659000
116.590000
117.521000
118.453000
119.385000
120.317000
121.249000
122.182000
123.114000
124.047000
124.980000
125.913000
126.847000
127.780000
128.714000
129.648000
130.582000
131.517000
132.451000
133.386000
134.321000
135.256000
136.191000
137.127000
138.063000
138.998000
139.935000
140.871000
141.807000
142.744000
143.681000
144.618000
145.555000
146.493000
147.430000
148.368000
149.306000
150.244000
151.182000
152.121000
153.060000
153.999000
154.938000
155.877000
156.816000
157.756000
158.696000
159.636000
160.576000
161.517000
162.457000
163.398000
164.339000
165.280000
166.221000
167.163000
168.104000
169.046000
169.988000
170.931000
171.873000
172.816000
173.758000
174.701000
175.644000
176.588000
177.531000
178.475000
179.419000
180.363000
181.307000
182.251000
183.196000
184.140000
185.085000
186.030000
186.975000
187.921000
188.866000
189.812000
190.758000
191.704000
192.651000
193.597000
194.544000
195.490000
196.437000
197.385000
198.332000
199.279000
200.227000
201.175000
202.123000
203.071000
204.020000
204.968000
205.917000
206.866000
207.815000
208.764000
209.713000
210.663000
211.613000
212.562000
213.512000
214.463000
215.413000
216.364000
217.314000
218.265000
219.216000
220.167000
221.119000
222.070000
223.022000
223.974000
224.926000
225.878000
226.831000
227.783000
228.736000
229.689000
230.642000
231.595000
232.548000
233.502000
234.456000
235.409000
236.363000
237.318000
238.272000
239.226000
240.181000
241.136000
242.091000
243.046000
244.001000
244.957000
245.912000
246.868000
247.824000
248.780000
249.736000
250.693000
251.649000
252.606000
253.563000
254.520000
255.477000
256.435000
257.392000
258.350000
259.308000
260.265000
261.224000
262.182000
263.140000
264.099000
265.058000
266.017000
266.976000
267.935000
268.894000
269.854000
270.813000
271.773000
272.733000
273.693000
274.653000
275.614000
276.574000
277.535000
278.496000
279.457000
280.418000
281.380000
282.341000
283.303000
284.264000
285.226000
286.188000
287.151000
288.113000
289.075000
290.038000
291.001000
291.964000
292.927000
293.890000
294.854000
295.817000
296.781000
297.745000
298.709000
299.673000
300.637000
301.601000
302.566000
303.531000
304.495000
305.460000
306.425000
307.391000
308.356000
309.322000
310.287000
311.253000
312.219000
313.185000
314.151000
315.118000
316.084000
317.051000
318.018000
318.985000
319.952000
320.919000
321.887000
322.854000
323.822000
324.790000
325.757000
326.725000
327.694000
328.662000
329.630000
330.599000
331.568000
332.537000
333.506000
334.475000
335.444000
336.414000
337.383000
338.353000
339.323000
340.293000
341.263000
342.233000
343.203000
344.174000
345.145000
346.115000
347.086000
348.057000
349.028000
350.000000
350.971000
351.943000
352.914000
353.886000
354.858000
355.830000
356.802000
357.775000
358.747000
359.720000
360.693000
361.665000
362.638000
363.612000
364.585000
365.558000
366.532000
367.505000
368.479000
369.453000
370.427000
371.401000
372.375000
373.350000
374.324000
375.299000
376.274000
377.249000
378.224000
379.199000
380.174000
381.149000
382.125000
383.101000
384.076000
385.052000
386.028000
387.004000
387.981000
388.957000
389.934000
390.910000
391.887000
392.864000
393.841000
394.818000
395.795000
396.772000
397.750000
398.728000
399.705000
400.683000
401.661000
402.639000
403.617000
404.596000
405.574000
406.553000
407.531000
408.510000
409.489000
410.468000
411.447000
412.426000
413.406000
414.385000
415.365000
416.345000
417.324000
418.304000
419.284000
420.265000
421.245000
422.225000
423.206000
424.186000
425.167000
426.148000
427.129000
428.110000
429.091000
430.073000
431.054000
432.036000
433.017000
433.999000
434.981000
435.963000
436.945000
437.927000
438.910000
439.892000
440.875000
441.857000
442.840000
443.823000
444.806000
445.789000
446.772000
447.756000
448.739000
449.723000
450.706000
451.690000
452.674000
453.658000
454.642000
455.626000
456.611000
457.595000
458.579000
459.564000
460.549000
461.534000
462.519000
463.504000
464.489000
465.474000
466.459000
467.445000
468.430000
469.416000
470.402000
471.388000
472.374000
473.360000
474.346000
475.332000
476.319000
477.305000
478.292000
479.278000
480.265000
481.252000
482.239000
483.226000
484.214000
485.201000
486.188000
487.176000
488.163000
489.151000
490.139000
491.127000
492.115000
493.103000
494.091000
495.079000
496.068000
497.056000
498.045000
499.034000
500.023000
501.011000
502.000000
502.990000
503.979000
504.968000
505.957000
506.947000
507.937000
508.926000
509.916000
510.906000
511.896000
512.886000
513.876000
514.866000
515.857000
516.847000
517.838000
518.828000
519.819000
520.810000
521.801000
522.792000
523.783000
524.774000
525.765000
526.757000
527.748000
528.740000
529.731000
530.723000
531.715000
532.707000
533.699000
534.691000
535.683000
536.675000
537.668000
538.660000
539.653000
540.646000
541.638000
542.631000
543.624000
544.617000
545.610000
546.603000
547.597000
548.590000
549.583000
550.577000
551.571000
552.564000
553.558000
554.552000
555.546000
556.540000
557.534000
558.528000
559.523000
560.517000
561.512000
562.506000
563.501000
564.496000
565.490000
566.485000
567.480000
568.475000
569.471000
570.466000
571.461000
572.457000
573.452000
574.448000
575.443000
576.439000
577.435000
578.431000
579.427000
580.423000
581.419000
582.415000
583.412000
584.408000
585.405000
586.401000
587.398000
588.395000
589.391000
590.388000
591.385000
592.382000
593.379000
594.377000
595.374000
596.371000
597.369000
598.366000
599.364000
600.362000
601.359000
602.357000
603.355000
604.353000
605.351000
606.349000
607.348000
608.346000
609.344000
610.343000
611.341000
612.340000
613.339000
614.337000
615.336000
616.335000
617.334000
618.333000
619.332000
620.332000
621.331000
622.330000
623.330000
624.329000
625.329000
626.329000
627.328000
628.328000
629.328000
630.328000
631.328000
632.328000
633.328000
634.329000
635.329000
636.329000
637.330000
638.330000
639.331000
640.332000
641.332000
642.333000
643.334000
644.335000
645.336000
646.337000
647.338000
648.340000
649.341000
650.342000
651.344000
652.345000
653.347000
654.349000
655.350000
656.352000
657.354000
658.356000
659.358000
660.360000
661.362000
662.364000
663.367000
664.369000
665.371000
666.374000
667.376000
668.379000
669.382000
670.384000
671.387000
672.390000
673.393000
674.396000
675.399000
676.402000
677.405000
678.409000
679.412000
680.415000
681.419000
682.422000
683.426000
684.430000
685.433000
686.437000
687.441000
688.445000
689.449000
690.453000
691.457000
692.461000
693.465000
694.470000
695.474000
696.478000
697.483000
698.487000
699.492000
700.497000
701.501000
702.506000
703.511000
704.516000
705.521000
706.526000
707.531000
708.536000
709.541000
710.547000
711.552000
712.557000
713.563000
714.568000
715.574000
716.579000
717.585000
718.591000
719.597000
720.602000
721.608000
722.614000
723.620000
724.626000
725.633000
726.639000
727.645000
728.651000
729.658000
730.664000
731.671000
732.677000
733.684000
734.690000
735.697000
736.704000
737.711000
738.718000
739.724000
740.732000
741.739000
742.746000
743.753000
744.760000
745.767000
746.775000
747.782000
748.789000
749.797000
750.804000
751.812000
752.820000
753.827000
754.835000
755.843000
756.851000
757.859000
758.866000
759.874000
760.883000
761.891000
762.899000
763.907000
764.915000
765.924000
766.932000
767.940000
768.949000
769.957000
770.966000
771.975000
772.983000
773.992000
775.001000
776.010000
777.018000
778.027000
779.036000
780.045000
781.054000
782.064000
783.073000
784.082000
785.091000
786.100000
787.110000
788.119000
789.129000
790.138000
791.148000
792.157000
793.167000
794.177000
795.187000
796.196000
797.206000
798.216000
799.226000
800.236000
801.246000
802.256000
803.266000
804.276000
805.287000
806.297000
807.307000
808.317000
809.328000
810.338000
811.349000
812.359000
813.370000
814.380000
815.391000
816.402000
817.413000
818.423000
819.434000
820.445000
821.456000
822.467000
823.478000
824.489000
825.500000
826.511000
827.523000
828.534000
829.545000
830.557000
831.568000
832.579000
833.591000
834.602000
835.614000
836.625000
837.637000
838.649000
839.660000
840.672000
841.684000
842.696000
843.707000
844.719000
845.731000
846.743000
847.755000
848.767000
849.780000
850.792000
851.804000
852.816000
853.828000
854.841000
855.853000
856.865000
857.878000
858.890000
859.903000
860.915000
861.928000
862.941000
863.953000
864.966000
865.979000
866.991000
868.004000
869.017000
870.030000
871.043000
872.056000
873.069000
874.082000
875.095000
876.108000
877.121000
878.134000
879.148000
880.161000
881.174000
882.188000
883.201000
884.214000
885.228000
886.241000
887.255000
888.268000
889.282000
890.295000
891.309000
892.323000
893.336000
894.350000
895.364000
896.378000
897.392000
898.406000
899.420000
900.434000
901.448000
902.462000
903.476000
904.490000
905.504000
906.518000
907.532000
908.546000
909.561000
910.575000
911.589000
912.604000
913.618000
914.633000
915.647000
916.662000
917.676000
918.691000
919.705000
920.720000
921.734000
922.749000
923.764000
924.779000
925.793000
926.808000
927.823000
928.838000
929.853000
930.868000
931.883000
932.898000
933.913000
934.928000
935.943000
936.958000
937.973000
938.988000
940.004000
941.019000
942.034000
943.049000
944.065000
945.080000
946.096000
947.111000
948.126000
949.142000
950.157000
951.173000
952.189000
953.204000
954.220000
955.235000
956.251000
957.267000
958.283000
959.298000
960.314000
961.330000
962.346000
963.362000
964.378000
965.393000
966.409000
967.425000
968.441000
969.457000
970.473000
971.490000
972.506000
973.522000
974.538000
975.554000
976.570000
977.587000
978.603000
979.619000
980.636000
981.652000
982.668000
983.685000
984.701000
985.718000
986.734000
987.751000
988.767000
989.784000
990.800000
991.817000
992.833000
993.850000
994.867000
995.883000
996.900000
997.917000
998.934000
999.951000
1000.970000
1001.980000
1003.000000
1004.020000
1005.030000
1006.050000
1007.070000
1008.090000
1009.100000
1010.120000
1011.140000
1012.150000
1013.170000
1014.190000
1015.210000
1016.220000
1017.240000
1018.260000
1019.270000
1020.290000
1021.310000
1022.330000
1023.340000
1024.360000
1025.380000
1026.400000
1027.410000
1028.430000
1029.450000
1030.470000
1031.480000
1032.500000
1033.520000
1034.540000
1035.550000
1036.570000
1037.590000
1038.610000
1039.620000
1040.640000
1041.660000
1042.680000
1043.690000
1044.710000
1045.730000
1046.750000
1047.770000
1048.780000
1049.800000
1050.820000
1051.840000
1052.850000
1053.870000
1054.890000
1055.910000
1056.930000
1057.940000
1058.960000
1059.980000
1061.000000
1062.020000
1063.040000
1064.050000
1065.070000
1066.090000
1067.110000
1068.130000
1069.140000
1070.160000
1071.180000
1072.200000
1073.220000
1074.240000
1075.250000
1076.270000
1077.290000
1078.310000
1079.330000
1080.350000
1081.360000
1082.380000
1083.400000
1084.420000
1085.440000
1086.460000
1087.480000
1088.490000
1089.510000
1090.530000
1091.550000
1092.570000
1093.590000
1094.610000
1095.620000
1096.640000
1097.660000
1098.680000
1099.700000
1100.720000
1101.740000
1102.760000
1103.770000
1104.790000
1105.810000
1106.830000
1107.850000
1108.870000
1109.890000
1110.910000
1111.930000
1112.940000
1113.960000
1114.980000
1116.000000
1117.020000
1118.040000
1119.060000
1120.080000
1121.100000
1122.120000
1123.130000
1124.150000
1125.170000
1126.190000
1127.210000
1128.230000
1129.250000
1130.270000
1131.290000
1132.310000
1133.330000
1134.350000
1135.370000
1136.380000
1137.400000
1138.420000
1139.440000
1140.460000
1141.480000
1142.500000
1143.520000
1144.540000
1145.560000
1146.580000
1147.600000
1148.620000
1149.640000
1150.660000
1151.680000
1152.690000
1153.710000
1154.730000
1155.750000
1156.770000
1157.790000
1158.810000
1159.830000
1160.850000
1161.870000
1162.890000
1163.910000
1164.930000
1165.950000
1166.970000
1167.990000
1169.010000
1170.030000
1171.050000
1172.070000
1173.090000
1174.110000
1175.130000
1176.150000
1177.170000
1178.190000
1179.210000
1180.230000
1181.250000
1182.270000
1183.280000
1184.300000
1185.320000
1186.340000
1187.360000
1188.380000
1189.400000
1190.420000
1191.440000
1192.460000
1193.480000
1194.500000
1195.520000
1196.540000
1197.560000
1198.580000
1199.600000
1200.620000
1201.640000
1202.660000
1203.680000
1204.700000
1205.720000
1206.740000
1207.760000
1208.780000
1209.800000
1210.820000
1211.840000
1212.860000
1213.890000
1214.910000
1215.930000
1216.950000
1217.970000
1218.990000
1220.010000
1221.030000
1222.050000
1223.070000
1224.090000
1225.110000
1226.130000
1227.150000
1228.170000
1229.190000
1230.210000
1231.230000
1232.250000
1233.270000
1234.290000
1235.310000
1236.330000
1237.350000
1238.370000
1239.390000
1240.410000
1241.430000
1242.450000
1243.470000
1244.490000
1245.510000
1246.530000
1247.560000
1248.580000
1249.600000
1250.620000
1251.640000
1252.660000
1253.680000
1254.700000
1255.720000
1256.740000
1257.760000
1258.780000
1259.800000
1260.820000
1261.840000
1262.860000
1263.880000
1264.900000
1265.920000
1266.940000
1267.970000
1268.990000
1270.010000
1271.030000
1272.050000
1273.070000
1274.090000
1275.110000
1276.130000
1277.150000
1278.170000
1279.190000
1280.210000
1281.230000
1282.250000
1283.280000
1284.300000
1285.320000
1286.340000
1287.360000
1288.380000
1289.400000
1290.420000
1291.440000
1292.460000
1293.480000
1294.500000
1295.520000
1296.550000
1297.570000
1298.590000
1299.610000
1300.630000
1301.650000
1302.670000
1303.690000
1304.710000
1305.730000
1306.750000
1307.770000
1308.800000
1309.820000
1310.840000
1311.860000
1312.880000
1313.900000
1314.920000
1315.940000
1316.960000
1317.980000
1319.000000
1320.030000
1321.050000
1322.070000
1323.090000
1324.110000
1325.130000
1326.150000
1327.170000
1328.190000
1329.210000
1330.230000
1331.260000
1332.280000
1333.300000
1334.320000
1335.340000
1336.360000
1337.380000
1338.400000
1339.420000
1340.450000
1341.470000
1342.490000
1343.510000
1344.530000
1345.550000
1346.570000
1347.590000
1348.610000
1349.630000
1350.660000
1351.680000
1352.700000
1353.720000
1354.740000
1355.760000
1356.780000
1357.800000
1358.830000
1359.850000
1360.870000
1361.890000
1362.910000
1363.930000
1364.950000
1365.970000
1366.990000
1368.020000
1369.040000
1370.060000
1371.080000
1372.100000
1373.120000
1374.140000
1375.160000
1376.190000
1377.210000
1378.230000
1379.250000
1380.270000
1381.290000
1382.310000
1383.330000
1384.360000
1385.380000
1386.400000
1387.420000
1388.440000
1389.460000
1390.480000
1391.500000
1392.530000
1393.550000
1394.570000
1395.590000
1396.610000
1397.630000
1398.650000
1399.680000
1400.700000
1401.720000
1402.740000
1403.760000
1404.780000
1405.800000
1406.830000
1407.850000
1408.870000
1409.890000
1410.910000
1411.930000
1412.950000
1413.980000
1415.000000
1416.020000
1417.040000
1418.060000
1419.080000
1420.100000
1421.130000
1422.150000
1423.170000
1424.190000
1425.210000
1426.230000
1427.250000
1428.280000
1429.300000
1430.320000
1431.340000
1432.360000
1433.380000
1434.400000
1435.430000
1436.450000
1437.470000
1438.490000
1439.510000
1440.530000
1441.560000
1442.580000
1443.600000
1444.620000
1445.640000
1446.660000
1447.690000
1448.710000
1449.730000
1450.750000
1451.770000
1452.790000
1453.810000
1454.840000
1455.860000
1456.880000
1457.900000
1458.920000
1459.940000
1460.970000
1461.990000
1463.010000
1464.030000
1465.050000
1466.070000
1467.100000
1468.120000
1469.140000
1470.160000
1471.180000
1472.210000
1473.230000
1474.250000
1475.270000
1476.290000
1477.310000
1478.340000
1479.360000
1480.380000
1481.400000
1482.420000
1483.440000
1484.470000
1485.490000
1486.510000
1487.530000
1488.550000
1489.580000
1490.600000
1491.620000
1492.640000
1493.660000
1494.680000
1495.710000
1496.730000
1497.750000
1498.770000
1499.790000
1500.820000
1501.840000
1502.860000
1503.880000
1504.900000
1505.930000
1506.950000
1507.970000
1508.990000
1510.010000
1511.030000
1512.060000
1513.080000
1514.100000
1515.120000
1516.140000
1517.170000
1518.190000
1519.210000
1520.230000
1521.250000
1522.280000
1523.300000
1524.320000
1525.340000
1526.360000
1527.390000
1528.410000
1529.430000
1530.450000
1531.470000
1532.500000
1533.520000
1534.540000
1535.560000
1536.580000
1537.610000
1538.630000
1539.650000
1540.670000
1541.700000
1542.720000
1543.740000
1544.760000
1545.780000
1546.810000
1547.830000
1548.850000
1549.870000
1550.890000
1551.920000
1552.940000
1553.960000
1554.980000
1556.010000
1557.030000
1558.050000
1559.070000
1560.090000
1561.120000
1562.140000
1563.160000
1564.180000
1565.210000
1566.230000
1567.250000
1568.270000
1569.300000
1570.320000
1571.340000
1572.360000
1573.380000
1574.410000
1575.430000
1576.450000
1577.470000
1578.500000
1579.520000
1580.540000
1581.560000
1582.590000
1583.610000
1584.630000
1585.650000
1586.680000
1587.700000
1588.720000
1589.740000
1590.770000
1591.790000
1592.810000
1593.830000
1594.860000
1595.880000
1596.900000
1597.920000
1598.950000
1599.970000
1600.990000
1602.010000
1603.040000
1604.060000
1605.080000
1606.100000
1607.130000
1608.150000
1609.170000
1610.190000
1611.220000
1612.240000
1613.260000
1614.280000
1615.310000
1616.330000
1617.350000
1618.380000
1619.400000
1620.420000
1621.440000
1622.470000
1623.490000
1624.510000
1625.540000
1626.560000
1627.580000
1628.600000
1629.630000
1630.650000
1631.670000
1632.690000
1633.720000
1634.740000
1635.760000
1636.790000
1637.810000
1638.830000
1639.850000
1640.880000
1641.900000
1642.920000
1643.950000
1644.970000
1645.990000
1647.020000
1648.040000
1649.060000
1650.080000
1651.110000
1652.130000
1653.150000
1654.180000
1655.200000
1656.220000
1657.250000
1658.270000
1659.290000
1660.320000
1661.340000
1662.360000
1663.380000
1664.410000
1665.430000
1666.450000
1667.480000
1668.500000
1669.520000
1670.550000
1671.570000
1672.590000
1673.620000
1674.640000
1675.660000
1676.690000
1677.710000
1678.730000
1679.760000
1680.780000
1681.800000
1682.830000
1683.850000
1684.870000
1685.900000
1686.920000
1687.940000
1688.970000
1689.990000
1691.010000
1692.040000
1693.060000
1694.090000
1695.110000
1696.130000
1697.160000
1698.180000
1699.200000
1700.230000
1701.250000
1702.270000
1703.300000
1704.320000
1705.350000
1706.370000
1707.390000
1708.420000
1709.440000
1710.460000
1711.490000
1712.510000
1713.540000
1714.560000
1715.580000
1716.610000
1717.630000
1718.650000
1719.680000
1720.700000
1721.730000
1722.750000
1723.770000
1724.800000
1725.820000
1726.850000
1727.870000
1728.890000
1729.920000
1730.940000
1731.970000
1732.990000
1734.010000
1735.040000
1736.060000
1737.090000
1738.110000
1739.130000
1740.160000
1741.180000
1742.210000
1743.230000
1744.260000
1745.280000
1746.300000
1747.330000
1748.350000
1749.380000
1750.400000
1751.430000
1752.450000
1753.480000
1754.500000
1755.520000
1756.550000
1757.570000
1758.600000
1759.620000
1760.650000
1761.670000
1762.700000
1763.720000
1764.740000
1765.770000
1766.790000
1767.820000
1768.840000
1769.870000
1770.890000
1771.920000
1772.940000
1773.970000
1774.990000
1776.020000
1777.040000
1778.070000
1779.090000
1780.120000
1781.140000
1782.170000
1783.190000
1784.220000
1785.240000
1786.270000
1787.290000
1788.320000
1789.340000
1790.370000
1791.390000
1792.420000
1793.440000
1794.470000
1795.490000
1796.520000
1797.540000
1798.570000
1799.590000
1800.620000
1801.640000
1802.670000
1803.690000
1804.720000
1805.740000
1806.770000
1807.790000
1808.820000
1809.850000
1810.870000
1811.900000
1812.920000
1813.950000
1814.970000
1816.000000
1817.020000
1818.050000
1819.080000
1820.100000
1821.130000
1822.150000
1823.180000
1824.200000
1825.230000
1826.260000
1827.280000
1828.310000
1829.330000
1830.360000
1831.390000
1832.410000
1833.440000
1834.460000
1835.490000
1836.520000
1837.540000
1838.570000
1839.590000
1840.620000
1841.650000
1842.670000
1843.700000
1844.720000
1845.750000
1846.780000
1847.800000
1848.830000
1849.860000
1850.880000
1851.910000
1852.940000
1853.960000
1854.990000
1856.020000
1857.040000
1858.070000
1859.090000
1860.120000
1861.150000
1862.170000
1863.200000
1864.230000
1865.260000
1866.280000
1867.310000
1868.340000
1869.360000
1870.390000
1871.420000
1872.440000
1873.470000
1874.500000
1875.520000
1876.550000
1877.580000
1878.610000
1879.630000
1880.660000
1881.690000
1882.710000
1883.740000
1884.770000
1885.800000
1886.820000
1887.850000
1888.880000
1889.910000
1890.930000
1891.960000
1892.990000
1894.020000
1895.040000
1896.070000
1897.100000
1898.130000
1899.150000
1900.180000
1901.210000
1902.240000
1903.260000
1904.290000
1905.320000
1906.350000
1907.380000
1908.400000
1909.430000
1910.460000
1911.490000
1912.520000
1913.540000
1914.570000
1915.600000
1916.630000
1917.660000
1918.690000
1919.710000
1920.740000
1921.770000
1922.800000
1923.830000
1924.860000
1925.880000
1926.910000
1927.940000
1928.970000
1930.000000
1931.030000
1932.060000
1933.080000
1934.110000
1935.140000
1936.170000
1937.200000
1938.230000
1939.260000
1940.290000
1941.320000
1942.340000
1943.370000
1944.400000
1945.430000
1946.460000
1947.490000
1948.520000
1949.550000
1950.580000
1951.610000
1952.640000
1953.670000
1954.700000
1955.720000
1956.750000
1957.780000
1958.810000
1959.840000
1960.870000
1961.900000
1962.930000
1963.960000
1964.990000
1966.020000
1967.050000
1968.080000
1969.110000
1970.140000
1971.170000
1972.200000
1973.230000
1974.260000
1975.290000
1976.320000
1977.350000
1978.380000
1979.410000
1980.440000
1981.470000
1982.500000
1983.540000
1984.570000
1985.600000
1986.630000
1987.660000
1988.690000
1989.720000
1990.750000
1991.780000
1992.810000
1993.840000
1994.870000
1995.900000
1996.940000
1997.970000
1999.000000
2000.030000
2001.060000
2002.090000
2003.120000
2004.150000
2005.180000
2006.220000
2007.250000
2008.280000
2009.310000
2010.340000
2011.370000
2012.410000
2013.440000
2014.470000
2015.500000
2016.530000
2017.560000
2018.600000
2019.630000
2020.660000
2021.690000
2022.720000
2023.760000
2024.790000
2025.820000
2026.850000
2027.890000
2028.920000
2029.950000
2030.980000
2032.010000
2033.050000
2034.080000
2035.110000
2036.150000
2037.180000
2038.210000
2039.240000
2040.280000
2041.310000
2042.340000
2043.380000
2044.410000
2045.440000
2046.470000
2047.510000
2048.540000
2049.570000
2050.610000
2051.640000
2052.670000
2053.710000
2054.740000
2055.770000
2056.810000
2057.840000
2058.880000
2059.910000
2060.940000
2061.980000
2063.010000
2064.050000
2065.080000
2066.110000
2067.150000
2068.180000
2069.220000
2070.250000
2071.280000
2072.320000
2073.350000
2074.390000
2075.420000
2076.460000
2077.490000
2078.530000
2079.560000
2080.600000
2081.630000
2082.670000
2083.700000
2084.740000
2085.770000
2086.810000
2087.840000
2088.880000
2089.910000
2090.950000
2091.980000
2093.020000
2094.050000
2095.090000
2096.120000
2097.160000
2098.190000
2099.230000
2100.270000
2101.300000
2102.340000
2103.370000
2104.410000
2105.450000
2106.480000
2107.520000
2108.550000
2109.590000
2110.630000
2111.660000
2112.700000
2113.740000
2114.770000
2115.810000
2116.850000
2117.880000
2118.920000
2119.960000
2120.990000
2122.030000
2123.070000
2124.100000
2125.140000
2126.180000
2127.220000
2128.250000
2129.290000
2130.330000
2131.370000
2132.400000
2133.440000
2134.480000
2135.520000
2136.550000
2137.590000
2138.630000
2139.670000
2140.710000
2141.740000
2142.780000
2143.820000
2144.860000
2145.900000
2146.940000
2147.970000
2149.010000
2150.050000
2151.090000
2152.130000
2153.170000
2154.210000
2155.240000
2156.280000
2157.320000
2158.360000
2159.400000
2160.440000
2161.480000
2162.520000
2163.560000
2164.600000
2165.640000
2166.680000
2167.720000
2168.760000
2169.800000
2170.840000
2171.880000
2172.920000
2173.960000
2175.000000
2176.040000
2177.080000
2178.120000
2179.160000
2180.200000
2181.240000
2182.280000
2183.320000
2184.360000
2185.400000
2186.440000
2187.480000
2188.520000
2189.560000
2190.610000
2191.650000
2192.690000
2193.730000
2194.770000
2195.810000
2196.850000
2197.900000
2198.940000
2199.980000
2201.020000
2202.060000
2203.100000
2204.150000
2205.190000
2206.230000
2207.270000
2208.320000
2209.360000
2210.400000
2211.440000
2212.490000
2213.530000
2214.570000
2215.610000
2216.660000
2217.700000
2218.740000
2219.790000
2220.830000
2221.870000
2222.920000
2223.960000
2225.000000
2226.050000
2227.090000
2228.130000
2229.180000
2230.220000
2231.270000
2232.310000
2233.350000
2234.400000
2235.440000
2236.490000
2237.530000
2238.580000
2239.620000
2240.660000
2241.710000
2242.750000
2243.800000
2244.840000
2245.890000
2246.930000
2247.980000
2249.020000
2250.070000
2251.120000
2252.160000
2253.210000
2254.250000
2255.300000
2256.340000
2257.390000
2258.440000
2259.480000
2260.530000
2261.570000
2262.620000
2263.670000
2264.710000
2265.760000
2266.810000
2267.850000
2268.900000
2269.950000
2270.990000
2272.040000
2273.090000
2274.130000
2275.180000
2276.230000
2277.280000
2278.320000
2279.370000
2280.420000
2281.470000
2282.510000
2283.560000
2284.610000
2285.660000
2286.710000
2287.760000
2288.800000
2289.850000
2290.900000
2291.950000
2293.000000
2294.050000
2295.100000
2296.140000
2297.190000
2298.240000
2299.290000
2300.340000
2301.390000
2302.440000
2303.490000
2304.540000
2305.590000
2306.640000
2307.690000
2308.740000
2309.790000
2310.840000
2311.890000
2312.940000
2313.990000
2315.040000
2316.090000
2317.140000
2318.190000
2319.240000
2320.300000
2321.350000
2322.400000
2323.450000
2324.500000
2325.550000
2326.600000
2327.660000
2328.710000
2329.760000
2330.810000
2331.860000
2332.910000
2333.970000
2335.020000
2336.070000
2337.120000
2338.180000
2339.230000
2340.280000
2341.340000
2342.390000
2343.440000
2344.490000
2345.550000
2346.600000
2347.650000
2348.710000
2349.760000
2350.820000
2351.870000
2352.920000
2353.980000
2355.030000
2356.090000
2357.140000
2358.190000
2359.250000
2360.300000
2361.360000
2362.410000
2363.470000
2364.520000
2365.580000
2366.630000
2367.690000
2368.740000
2369.800000
2370.860000
2371.910000
2372.970000
2374.020000
2375.080000
2376.140000
2377.190000
2378.250000
2379.300000
2380.360000
2381.420000
2382.470000
2383.530000
2384.590000
2385.650000
2386.700000
2387.760000
2388.820000
2389.870000
2390.930000
2391.990000
2393.050000
2394.110000
2395.160000
2396.220000
2397.280000
2398.340000
2399.400000
2400.460000
2401.510000
2402.570000
2403.630000
2404.690000
2405.750000
2406.810000
2407.870000
2408.930000
2409.990000
2411.050000
2412.110000
2413.170000
2414.230000
2415.290000
2416.350000
2417.410000
2418.470000
2419.530000
2420.590000
2421.650000
2422.710000
2423.770000
2424.830000
2425.890000
2426.950000
2428.020000
2429.080000
2430.140000
2431.200000
2432.260000
2433.320000
2434.390000
2435.450000
2436.510000
2437.570000
2438.640000
2439.700000
2440.760000
2441.820000
2442.890000
2443.950000
2445.010000
2446.080000
2447.140000
2448.200000
2449.270000
2450.330000
2451.400000
2452.460000
2453.520000
2454.590000
2455.650000
2456.720000
2457.780000
2458.850000
2459.910000
2460.980000
2462.040000
2463.110000
2464.170000
2465.240000
2466.300000
2467.370000
2468.430000
2469.500000
2470.570000
2471.630000
2472.700000
2473.770000
2474.830000
2475.900000
2476.970000
2478.030000
2479.100000
2480.170000
2481.230000
2482.300000
2483.370000
2484.440000
2485.500000
2486.570000
2487.640000
2488.710000
2489.780000
2490.850000
2491.910000
2492.980000
2494.050000
2495.120000
2496.190000
2497.260000
2498.330000
2499.400000
2500.470000
2501.540000
2502.610000
2503.680000
2504.750000
2505.820000
2506.890000
2507.960000
2509.030000
2510.100000
2511.170000
2512.240000
2513.310000
2514.380000
2515.450000
2516.530000
2517.600000
2518.670000
2519.740000
2520.810000
2521.890000
2522.960000
2524.030000
2525.100000
2526.180000
2527.250000
2528.320000
2529.400000
2530.470000
2531.540000
2532.620000
2533.690000
2534.760000
2535.840000
2536.910000
2537.980000
2539.060000
2540.130000
2541.210000
2542.280000
2543.360000
2544.430000
2545.510000
2546.580000
2547.660000
2548.730000
2549.810000
2550.890000
2551.960000
2553.040000
2554.110000
2555.190000
2556.270000
2557.340000
2558.420000
2559.500000
2560.580000
2561.650000
2562.730000
2563.810000
2564.890000
2565.960000
2567.040000
2568.120000
2569.200000
2570.280000
2571.350000
2572.430000
2573.510000
2574.590000
2575.670000
2576.750000
2577.830000
2578.910000
2579.990000
2581.070000
2582.150000
2583.230000
2584.310000
2585.390000
2586.470000
2587.550000
2588.630000
2589.710000
2590.790000
2591.880000
2592.960000
2594.040000
2595.120000
2596.200000
2597.280000
2598.370000
2599.450000
2600.530000
2601.610000
2602.700000
2603.780000
2604.860000
2605.950000
2607.030000
2608.110000
2609.200000
2610.280000
2611.370000
2612.450000
2613.530000
2614.620000
2615.700000
2616.790000
2617.870000
2618.960000
2620.040000
2621.130000
2622.210000
2623.300000
2624.390000
2625.470000
2626.560000
2627.640000
2628.730000
2629.820000
2630.910000
2631.990000
2633.080000
2634.170000
2635.250000
2636.340000
2637.430000
2638.520000
2639.610000
2640.690000
2641.780000
2642.870000
2643.960000
2645.050000
2646.140000
2647.230000
2648.320000
2649.410000
2650.500000
2651.590000
2652.680000
2653.770000
2654.860000
2655.950000
2657.040000
2658.130000
2659.220000
2660.310000
2661.400000
2662.490000
2663.590000
2664.680000
2665.770000
2666.860000
2667.960000
2669.050000
2670.140000
2671.230000
2672.330000
2673.420000
2674.510000
2675.610000
2676.700000
2677.790000
2678.890000
2679.980000
2681.080000
2682.170000
2683.270000
2684.360000
2685.460000
2686.550000
2687.650000
2688.740000
2689.840000
2690.940000
2692.030000
2693.130000
2694.220000
2695.320000
2696.420000
2697.510000
2698.610000
2699.710000
2700.810000
2701.900000
2703.000000
2704.100000
2705.200000
2706.300000
2707.400000
2708.490000
2709.590000
2710.690000
2711.790000
2712.890000
2713.990000
2715.090000
2716.190000
2717.290000
2718.390000
2719.490000
2720.590000
2721.690000
2722.800000
2723.900000
2725.000000
2726.100000
2727.200000
2728.300000
2729.410000
2730.510000
2731.610000
2732.710000
2733.820000
2734.920000
2736.020000
2737.130000
2738.230000
2739.330000
2740.440000
2741.540000
2742.650000
2743.750000
2744.860000
2745.960000
2747.070000
2748.170000
2749.280000
2750.380000
2751.490000
2752.590000
2753.700000
2754.810000
2755.910000
2757.020000
2758.130000
2759.240000
2760.340000
2761.450000
2762.560000
2763.670000
2764.780000
2765.880000
2766.990000
2768.100000
2769.210000
2770.320000
2771.430000
2772.540000
2773.650000
2774.760000
2775.870000
2776.980000
2778.090000
2779.200000
2780.310000
2781.420000
2782.530000
2783.640000
2784.760000
2785.870000
2786.980000
2788.090000
2789.210000
2790.320000
2791.430000
2792.540000
2793.660000
2794.770000
2795.880000
2797.000000
2798.110000
2799.230000
2800.340000
2801.460000
2802.570000
2803.690000
2804.800000
2805.920000
2807.030000
2808.150000
2809.260000
2810.380000
2811.500000
2812.610000
2813.730000
2814.850000
2815.970000
2817.080000
2818.200000
2819.320000
2820.440000
2821.560000
2822.670000
2823.790000
2824.910000
2826.030000
2827.150000
2828.270000
2829.390000
2830.510000
2831.630000
2832.750000
2833.870000
2834.990000
2836.110000
2837.240000
2838.360000
2839.480000
2840.600000
2841.720000
2842.840000
2843.970000
2845.090000
2846.210000
2847.340000
2848.460000
2849.580000
2850.710000
2851.830000
2852.960000
2854.080000
2855.210000
2856.330000
2857.460000
2858.580000
2859.710000
2860.830000
2861.960000
2863.080000
2864.210000
2865.340000
2866.470000
2867.590000
2868.720000
2869.850000
2870.970000
2872.100000
2873.230000
2874.360000
2875.490000
2876.620000
2877.750000
2878.880000
2880.010000
2881.140000
2882.270000
2883.400000
2884.530000
2885.660000
2886.790000
2887.920000
2889.050000
2890.180000
2891.310000
2892.450000
2893.580000
2894.710000
2895.840000
2896.980000
2898.110000
2899.240000
2900.380000
2901.510000
2902.640000
2903.780000
2904.910000
2906.050000
2907.180000
2908.320000
2909.450000
2910.590000
2911.730000
2912.860000
2914.000000
2915.130000
2916.270000
2917.410000
2918.550000
2919.680000
2920.820000
2921.960000
2923.100000
2924.240000
2925.380000
2926.510000
2927.650000
2928.790000
2929.930000
2931.070000
2932.210000
2933.350000
2934.490000
2935.640000
2936.780000
2937.920000
2939.060000
2940.200000
2941.340000
2942.490000
2943.630000
2944.770000
2945.910000
2947.060000
2948.200000
2949.340000
2950.490000
2951.630000
2952.780000
2953.920000
2955.070000
2956.210000
2957.360000
2958.500000
2959.650000
2960.800000
2961.940000
2963.090000
2964.240000
2965.380000
2966.530000
2967.680000
2968.830000
2969.970000
2971.120000
2972.270000
2973.420000
2974.570000
2975.720000
2976.870000
2978.020000
2979.170000
2980.320000
2981.470000
2982.620000
2983.770000
2984.920000
2986.080000
2987.230000
2988.380000
2989.530000
2990.690000
2991.840000
2992.990000
2994.150000
2995.300000
2996.450000
2997.610000
2998.760000
2999.920000
3001.070000
3002.230000
3003.380000
3004.540000
3005.690000
3006.850000
3008.010000
3009.160000
3010.320000
3011.480000
3012.640000
3013.790000
3014.950000
3016.110000
3017.270000
3018.430000
3019.590000
3020.750000
3021.910000
3023.070000
3024.230000
3025.390000
3026.550000
3027.710000
3028.870000
3030.030000
3031.190000
3032.360000
3033.520000
3034.680000
3035.840000
3037.010000
3038.170000
3039.340000
3040.500000
3041.660000
3042.830000
3043.990000
3045.160000
3046.320000
3047.490000
3048.650000
3049.820000
3050.990000
3052.150000
3053.320000
3054.490000
3055.660000
3056.820000
3057.990000
3059.160000
3060.330000
3061.500000
3062.670000
3063.840000
3065.010000
3066.180000
3067.350000
3068.520000
3069.690000
3070.860000
3072.030000
3073.200000
3074.370000
3075.550000
3076.720000
3077.890000
3079.060000
3080.240000
3081.410000
3082.590000
3083.760000
3084.930000
3086.110000
3087.280000
3088.460000
3089.640000
3090.810000
3091.990000
3093.160000
3094.340000
3095.520000
3096.700000
3097.870000
3099.050000
3100.230000
3101.410000
3102.590000
3103.760000
3104.940000
3106.120000
3107.300000
3108.480000
3109.660000
3110.850000
3112.030000
3113.210000
3114.390000
3115.570000
3116.750000
3117.940000
3119.120000
3120.300000
3121.490000
3122.670000
3123.850000
3125.040000
3126.220000
3127.410000
3128.590000
3129.780000
3130.960000
3132.150000
3133.340000
3134.520000
3135.710000
3136.900000
3138.080000
3139.270000
3140.460000
3141.650000
3142.840000
3144.030000
3145.220000
3146.410000
3147.600000
3148.790000
3149.980000
3151.170000
3152.360000
3153.550000
3154.740000
3155.930000
3157.130000
3158.320000
3159.510000
3160.710000
3161.900000
3163.090000
3164.290000
3165.480000
3166.680000
3167.870000
3169.070000
3170.260000
3171.460000
3172.660000
3173.850000
3175.050000
3176.250000
3177.440000
3178.640000
3179.840000
3181.040000
3182.240000
3183.440000
3184.640000
3185.840000
3187.040000
3188.240000
3189.440000
3190.640000
3191.840000
3193.040000
3194.240000
3195.450000
3196.650000
3197.850000
3199.060000
3200.260000
3201.460000
3202.670000
3203.870000
3205.080000
3206.280000
3207.490000
3208.690000
3209.900000
3211.110000
3212.310000
3213.520000
3214.730000
3215.940000
3217.140000
3218.350000
3219.560000
3220.770000
3221.980000
3223.190000
3224.400000
3225.610000
3226.820000
3228.030000
3229.240000
3230.450000
3231.670000
3232.880000
3234.090000
3235.300000
3236.520000
3237.730000
3238.940000
3240.160000
3241.370000
3242.590000
3243.800000
3245.020000
3246.240000
3247.450000
3248.670000
3249.890000
3251.100000
3252.320000
3253.540000
3254.760000
3255.980000
3257.190000
3258.410000
3259.630000
3260.850000
3262.070000
3263.290000
3264.510000
3265.740000
3266.960000
3268.180000
3269.400000
3270.620000
3271.850000
3273.070000
3274.300000
3275.520000
3276.740000
3277.970000
3279.190000
3280.420000
3281.640000
3282.870000
3284.100000
3285.320000
3286.550000
3287.780000
3289.010000
3290.230000
3291.460000
3292.690000
3293.920000
3295.150000
3296.380000
3297.610000
3298.840000
3300.070000
3301.300000
3302.540000
3303.770000
3305.000000
3306.230000
3307.470000
3308.700000
3309.930000
3311.170000
3312.400000
3313.640000
3314.870000
3316.110000
3317.340000
3318.580000
3319.820000
3321.050000
3322.290000
3323.530000
3324.770000
3326.000000
3327.240000
3328.480000
3329.720000
3330.960000
3332.200000
3333.440000
3334.680000
3335.920000
3337.170000
3338.410000
3339.650000
3340.890000
3342.140000
3343.380000
3344.620000
3345.870000
3347.110000
3348.360000
3349.600000
3350.850000
3352.090000
3353.340000
3354.590000
3355.830000
3357.080000
3358.330000
3359.580000
3360.830000
3362.080000
3363.320000
3364.570000
3365.820000
3367.070000
3368.330000
3369.580000
3370.830000
3372.080000
3373.330000
3374.580000
3375.840000
3377.090000
3378.350000
3379.600000
3380.850000
3382.110000
3383.360000
3384.620000
3385.880000
3387.130000
3388.390000
3389.650000
3390.900000
3392.160000
3393.420000
3394.680000
3395.940000
3397.200000
3398.460000
3399.720000
3400.980000
3402.240000
3403.500000
3404.760000
3406.020000
3407.290000
3408.550000
3409.810000
3411.080000
3412.340000
3413.600000
3414.870000
3416.130000
3417.400000
3418.670000
3419.930000
3421.200000
3422.470000
3423.730000
3425.000000
3426.270000
3427.540000
3428.810000
3430.080000
3431.350000
3432.620000
3433.890000
3435.160000
3436.430000
3437.700000
3438.980000
3440.250000
3441.520000
3442.790000
3444.070000
3445.340000
3446.620000
3447.890000
3449.170000
3450.440000
3451.720000
3453.000000
3454.270000
3455.550000
3456.830000
3458.110000
3459.380000
3460.660000
3461.940000
3463.220000
3464.500000
3465.780000
3467.060000
3468.350000
3469.630000
3470.910000
3472.190000
3473.480000
3474.760000
3476.040000
3477.330000
3478.610000
3479.900000
3481.180000
3482.470000
3483.760000
3485.040000
3486.330000
3487.620000
3488.900000
3490.190000
3491.480000
3492.770000
3494.060000
3495.350000
3496.640000
3497.930000
3499.220000
3500.520000
3501.810000
3503.100000
3504.390000
3505.690000
3506.980000
3508.270000
3509.570000
3510.860000
3512.160000
3513.450000
3514.750000
3516.050000
3517.340000
3518.640000
3519.940000
3521.240000
3522.540000
3523.840000
3525.140000
3526.440000
3527.740000
3529.040000
3530.340000
3531.640000
3532.940000
3534.250000
3535.550000
3536.850000
3538.160000
3539.460000
3540.770000
3542.070000
3543.380000
3544.680000
3545.990000
3547.300000
3548.600000
3549.910000
3551.220000
3552.530000
3553.840000
3555.150000
3556.460000
3557.770000
3559.080000
3560.390000
3561.700000
3563.010000
3564.320000
3565.640000
3566.950000
3568.260000
3569.580000
3570.890000
3572.210000
3573.520000
3574.840000
3576.160000
3577.470000
3578.790000
3580.110000
3581.430000
3582.750000
3584.060000
3585.380000
3586.700000
3588.030000
3589.350000
3590.670000
3591.990000
3593.310000
3594.630000
3595.960000
3597.280000
3598.600000
3599.930000
3601.250000
3602.580000
3603.910000
3605.230000
3606.560000
3607.890000
3609.210000
3610.540000
3611.870000
3613.200000
3614.530000
3615.860000
3617.190000
3618.520000
3619.850000
3621.180000
3622.510000
3623.850000
3625.180000
3626.510000
3627.850000
3629.180000
3630.520000
3631.850000
3633.190000
3634.520000
3635.860000
3637.200000
3638.540000
3639.870000
3641.210000
3642.550000
3643.890000
3645.230000
3646.570000
3647.910000
3649.250000
3650.600000
3651.940000
3653.280000
3654.620000
3655.970000
3657.310000
3658.660000
3660.000000
3661.350000
3662.690000
3664.040000
3665.390000
3666.730000
3668.080000
3669.430000
3670.780000
3672.130000
3673.480000
3674.830000
3676.180000
3677.530000
3678.880000
3680.240000
3681.590000
3682.940000
3684.300000
3685.650000
3687.000000
3688.360000
3689.710000
3691.070000
3692.430000
3693.780000
3695.140000
3696.500000
3697.860000
3699.220000
3700.580000
3701.940000
3703.300000
3704.660000
3706.020000
3707.380000
3708.740000
3710.100000
3711.470000
3712.830000
3714.200000
3715.560000
3716.930000
3718.290000
3719.660000
3721.020000
3722.390000
3723.760000
3725.130000
3726.500000
3727.870000
3729.240000
3730.610000
3731.980000
3733.350000
3734.720000
3736.090000
3737.460000
3738.840000
3740.210000
3741.580000
3742.960000
3744.330000
3745.710000
3747.090000
3748.460000
3749.840000
3751.220000
3752.590000
3753.970000
3755.350000
3756.730000
3758.110000
3759.490000
3760.870000
3762.260000
3763.640000
3765.020000
3766.400000
3767.790000
3769.170000
3770.550000
3771.940000
3773.330000
3774.710000
3776.100000
3777.490000
3778.870000
3780.260000
3781.650000
3783.040000
3784.430000
3785.820000
3787.210000
3788.600000
3789.990000
3791.390000
3792.780000
3794.170000
3795.570000
3796.960000
3798.350000
3799.750000
3801.150000
3802.540000
3803.940000
3805.340000
3806.730000
3808.130000
3809.530000
3810.930000
3812.330000
3813.730000
3815.130000
3816.530000
3817.940000
3819.340000
3820.740000
3822.150000
3823.550000
3824.950000
3826.360000
3827.770000
3829.170000
3830.580000
3831.990000
3833.390000
3834.800000
3836.210000
3837.620000
3839.030000
3840.440000
3841.850000
3843.260000
3844.680000
3846.090000
3847.500000
3848.920000
3850.330000
3851.740000
3853.160000
3854.580000
3855.990000
3857.410000
3858.830000
3860.240000
3861.660000
3863.080000
3864.500000
3865.920000
3867.340000
3868.760000
3870.190000
3871.610000
3873.030000
3874.450000
3875.880000
3877.300000
3878.730000
3880.150000
3881.580000
3883.010000
3884.430000
3885.860000
3887.290000
3888.720000
3890.150000
3891.580000
3893.010000
3894.440000
3895.870000
3897.300000
3898.740000
3900.170000
3901.600000
3903.040000
3904.470000
3905.910000
3907.340000
3908.780000
3910.220000
3911.660000
3913.090000
3914.530000
3915.970000
3917.410000
3918.850000
3920.290000
3921.730000
3923.180000
3924.620000
3926.060000
3927.510000
3928.950000
3930.400000
3931.840000
3933.290000
3934.730000
3936.180000
3937.630000
3939.080000
3940.530000
3941.980000
3943.430000
3944.880000
3946.330000
3947.780000
3949.230000
3950.680000
3952.140000
3953.590000
3955.050000
3956.500000
3957.960000
3959.410000
3960.870000
3962.330000
3963.790000
3965.240000
3966.700000
3968.160000
3969.620000
3971.080000
3972.540000
3974.010000
3975.470000
3976.930000
3978.400000
3979.860000
3981.330000
3982.790000
3984.260000
3985.720000
3987.190000
3988.660000
3990.130000
3991.600000
3993.070000
3994.540000
3996.010000
3997.480000
3998.950000
4000.420000
4001.900000
4003.370000
4004.840000
4006.320000
4007.790000
4009.270000
4010.750000
4012.220000
4013.700000
4015.180000
4016.660000
4018.140000
4019.620000
4021.100000
4022.580000
4024.060000
4025.540000
4027.030000
4028.510000
4030.000000
4031.480000
4032.970000
4034.450000
4035.940000
4037.430000
4038.910000
4040.400000
4041.890000
4043.380000
4044.870000
4046.360000
4047.850000
4049.350000
4050.840000
4052.330000
4053.830000
4055.320000
4056.820000
4058.310000
4059.810000
4061.300000
4062.800000
4064.300000
4065.800000
4067.300000
4068.800000
4070.300000
4071.800000
4073.300000
4074.800000
4076.310000
4077.810000
4079.320000
4080.820000
4082.330000
4083.830000
4085.340000
4086.850000
4088.350000
4089.860000
4091.370000
4092.880000
4094.390000
4095.900000
4097.410000
4098.930000
4100.440000
4101.950000
4103.470000
4104.980000
4106.500000
4108.010000
4109.530000
4111.050000
4112.570000
4114.080000
4115.600000
4117.120000
4118.640000
4120.160000
4121.690000
4123.210000
4124.730000
4126.250000
4127.780000
4129.300000
4130.830000
4132.350000
4133.880000
4135.410000
4136.940000
4138.470000
4140.000000
4141.530000
4143.060000
4144.590000
4146.120000
4147.650000
4149.180000
4150.720000
4152.250000
4153.790000
4155.320000
4156.860000
4158.400000
4159.930000
4161.470000
4163.010000
4164.550000
4166.090000
4167.630000
4169.170000
4170.710000
4172.260000
4173.800000
4175.340000
4176.890000
4178.430000
4179.980000
4181.530000
4183.070000
4184.620000
4186.170000
4187.720000
4189.270000
4190.820000
4192.370000
4193.920000
4195.470000
4197.030000
4198.580000
4200.140000
4201.690000
4203.250000
4204.800000
4206.360000
4207.920000
4209.480000
4211.030000
4212.590000
4214.150000
4215.720000
4217.280000
4218.840000
4220.400000
4221.970000
4223.530000
4225.100000
4226.660000
4228.230000
4229.790000
4231.360000
4232.930000
4234.500000
4236.070000
4237.640000
4239.210000
4240.780000
4242.350000
4243.930000
4245.500000
4247.070000
4248.650000
4250.220000
4251.800000
4253.380000
4254.960000
4256.530000
4258.110000
4259.690000
4261.270000
4262.850000
4264.440000
4266.020000
4267.600000
4269.190000
4270.770000
4272.350000
4273.940000
4275.530000
4277.110000
4278.700000
4280.290000
4281.880000
4283.470000
4285.060000
4286.650000
4288.240000
4289.840000
4291.430000
4293.020000
4294.620000
4296.210000
4297.810000
4299.410000
4301.000000
4302.600000
4304.200000
4305.800000
4307.400000
4309.000000
4310.600000
4312.210000
4313.810000
4315.410000
4317.020000
4318.620000
4320.230000
4321.830000
4323.440000
4325.050000
4326.660000
4328.270000
4329.880000
4331.490000
4333.100000
4334.710000
4336.320000
4337.940000
4339.550000
4341.170000
4342.780000
4344.400000
4346.010000
4347.630000
4349.250000
4350.870000
4352.490000
4354.110000
4355.730000
4357.350000
4358.980000
4360.600000
4362.220000
4363.850000
4365.470000
4367.100000
4368.730000
4370.360000
4371.980000
4373.610000
4375.240000
4376.870000
4378.500000
4380.140000
4381.770000
4383.400000
4385.040000
4386.670000
4388.310000
4389.940000
4391.580000
4393.220000
4394.860000
4396.500000
4398.140000
4399.780000
4401.420000
4403.060000
4404.700000
4406.350000
4407.990000
4409.640000
4411.280000
4412.930000
4414.570000
4416.220000
4417.870000
4419.520000
4421.170000
4422.820000
4424.470000
4426.130000
4427.780000
4429.430000
4431.090000
4432.740000
4434.400000
4436.050000
4437.710000
4439.370000
4441.030000
4442.690000
4444.350000
4446.010000
4447.670000
4449.330000
4451.000000
4452.660000
4454.330000
4455.990000
4457.660000
4459.330000
4460.990000
4462.660000
4464.330000
4466.000000
4467.670000
4469.340000
4471.020000
4472.690000
4474.360000
4476.040000
4477.710000
4479.390000
4481.070000
4482.740000
4484.420000
4486.100000
4487.780000
4489.460000
4491.140000
4492.830000
4494.510000
4496.190000
4497.880000
4499.560000
4501.250000
4502.930000
4504.620000
4506.310000
4508.000000
4509.690000
4511.380000
4513.070000
4514.760000
4516.460000
4518.150000
4519.840000
4521.540000
4523.230000
4524.930000
4526.630000
4528.330000
4530.030000
4531.730000
4533.430000
4535.130000
4536.830000
4538.530000
4540.240000
4541.940000
4543.650000
4545.350000
4547.060000
4548.770000
4550.470000
4552.180000
4553.890000
4555.600000
4557.310000
4559.030000
4560.740000
4562.450000
4564.170000
4565.880000
4567.600000
4569.320000
4571.030000
4572.750000
4574.470000
4576.190000
4577.910000
4579.630000
4581.350000
4583.080000
4584.800000
4586.530000
4588.250000
4589.980000
4591.700000
4593.430000
4595.160000
4596.890000
4598.620000
4600.350000
4602.080000
4603.820000
4605.550000
4607.280000
4609.020000
4610.760000
4612.490000
4614.230000
4615.970000
4617.710000
4619.450000
4621.190000
4622.930000
4624.670000
4626.410000
4628.160000
