      1.29900
      4.99000
      11.0670
      16.2100
      24.5300
      27.6550
      24.7750
      16.3310
      41.4490
      52.0570
      60.4390
      71.4190
      80.2380
      85.1880
      87.6900
      81.2680
      43.2570
      48.0580
      96.7670
      117.966
      127.505
      133.843
      139.801
      146.756
      153.126
      153.574
      154.895
      143.985
      137.285
      152.574
      177.595
      194.521
      204.122
      206.890
      210.538
      222.074
      228.314
      248.711
      259.382
      271.097
      276.656
      283.300
      288.778
      296.384
      301.233
      305.515
      315.622
      313.103
      312.913
      306.690
      297.288
      291.747
      294.282
      296.274
      305.255
      315.454
      326.052
      338.300
      338.331
      354.186
      358.898
      300.290
      256.641
      196.940
      165.679
      208.108
      264.098
      281.693
      281.028
      234.810
      285.398
      292.797
      305.403
      316.229
      320.450
      318.900
      336.173
      324.505
      329.298
      332.727
      337.950
      330.892
      334.253
      335.178
      339.373
      316.939
      323.014
      319.327
      293.778
      307.799
      320.869
      326.732
      331.926
      332.450
      329.288
      329.858
      339.559
      347.485
      353.839
      360.124
      365.282
      373.937
      380.731
      379.409
      381.062
      380.001
      374.728
      366.858
      361.650
      355.110
      347.946
      341.476
      337.956
      335.837
      333.187
      321.596
      315.689
      317.706
      315.725
      305.411
      297.662
      249.863
      254.831
      209.142
      167.855
      116.399
      81.4450
      52.9480
      18.9060
      27.0910
      38.3240
      53.8990
      78.7140
      105.139
      139.221
      156.767
      233.672
      283.828
      338.296
      387.284
      433.113
      476.476
      505.055
      528.525
      546.240
      553.088
      551.424
      555.333
      567.872
      589.281
      611.384
      630.206
      645.190
      662.539
      685.841
      703.013
      728.905
      763.991
      800.393
      836.744
      859.537
      884.933
      908.132
      928.902
      953.918
      970.776
      990.071
      991.700
      984.197
      969.166
      979.846
      977.424
      1021.50
      1047.26
      1048.92
      1053.17
      1086.49
      1100.99
      1115.80
      1126.49
      1133.99
      1131.56
      1126.90
      1128.34
      1131.53
      1147.22
      1158.68
      1169.82
      1179.45
      1187.67
      1184.81
      1182.01
      1173.62
      1174.14
      1173.62
      1177.74
      1179.09
      1178.93
      1176.10
      1176.36
      1169.44
      1168.99
      1165.44
      1158.16
      1151.77
      1139.21
      1121.71
      1107.58
      1096.78
      1079.18
      1049.20
      1054.60
      1084.71
      1085.91
      1109.92
      1123.73
      1126.60
      1120.48
      1138.13
      1108.94
      926.349
      711.436
      457.386
      370.949
      437.105
      823.977
      974.617
      999.282
      1015.13
      1013.97
      1018.09
      1019.29
      1033.29
      1033.50
      1026.26
      1020.53
      1016.17
      1008.72
      999.787
      988.231
      974.859
      971.373
      959.156
      945.676
      936.058
      923.838
      913.545
      906.063
      900.720
      890.362
      872.817
      858.669
      832.125
      815.454
      796.731
      781.192
      4.26570
      4.81956
      4.83931
      4.96233
      4.75944
      4.88896
      5.80566
      7.11536
      8.27395
      9.16717
      9.86747
      10.8372
      11.7285
      12.3438
      12.8076
      13.8750
      15.3729
      16.9323
      18.5284
      20.4277
      22.2820
      23.6215
      24.4377
      25.6181
      26.6554
      27.8179
      29.4237
      30.7830
      31.8032
      32.6334
      33.0864
      32.9476
      32.1601
      31.9293
      31.6517
      31.3568
      31.5881
      32.1428
      32.8594
      33.9670
      34.7247
      35.9186
      37.6998
      38.6459
      38.7866
      39.0485
      38.7258
      38.2969
      37.2823
      36.2147
      34.8664
      33.4994
      31.9471
      30.4216
      28.9785
      27.9491
      26.8361
      25.6891
      24.3771
      23.1827
      22.3070
      21.6276
      21.0400
      20.6524
      20.5013
      20.4076
      19.8697
      19.3099
      18.7961
      18.1171
      17.6163
      16.9652
      16.0228
      14.9593
      13.8798
      12.7565
      11.6795
      10.6428
      9.61070
      8.76294
      7.80771
      6.85247
      5.94293
      4.99255
      4.04217
      3.14539
      2.22902
      1.38758
     0.921126
     0.621509
     0.471716
     0.396896
     0.359607
     0.322239
     0.322518
     0.322804
