# Mars atmospheric transmission - OMEGA (voies C & L)
0.9558040
1.0000600
0.9990610
0.9974920
1.0030000
0.9998660
0.9993170
1.0059600
1.0013700
0.9981030
1.0008800
1.0034800
1.0034900
1.0013200
0.9979950
0.9998230
1.0049500
0.9999330
1.0021400
0.9980240
0.9910000
0.9958680
0.9983370
0.9992080
0.9978550
0.9921130
0.9919660
0.9880860
0.9975040
0.9980810
0.9919560
0.9800820
0.9754160
0.9762550
0.9777940
0.9191450
0.8962750
0.9725830
0.9805960
0.9833560
0.9896770
0.9985390
0.9770010
0.9861880
0.9918830
0.9270590
0.9634080
0.9319880
0.9413360
0.9673780
0.9676520
0.9784670
0.9877500
0.9988670
1.0033100
1.0013300
1.0041100
1.0031900
1.0028000
1.0026500
1.0009400
0.9990100
0.9987330
0.9949730
0.9909540
0.9916710
0.9682410
0.9555470
0.9752530
0.9796020
0.9839630
0.9073710
0.6340420
0.7187060
0.9160080
0.6763490
0.3704330
0.6998140
0.7268660
0.6865640
0.7017630
0.8324300
0.8977310
0.9492180
0.9775740
0.9859550
0.9782720
0.9772220
0.9919280
1.0014600
1.0026400
1.0028400
1.0028900
1.0059700
1.0048500
1.0043200
1.0033100
1.0051200
1.0008300
0.9948960
0.9947480
0.9941980
0.9948860
0.9934620
0.9963040
0.9975850
0.9956850
1.0001400
1.0027900
0.9995080
0.9974440
0.9856740
0.9901340
0.9845420
0.9886900
0.9843990
0.9811970
0.9649680
0.9510640
0.9369570
0.9343800
0.9376990
0.9405840
0.9536800
0.8556870
0.4067190
0.1253540
0.2137330
1.0243100
0.9978350
0.9583370
0.9500130
0.9305670
0.9108320
0.5683670
0.0285529
0.0397995
0.2057420
0.1644860
0.0485281
0.0782712
0.2050160
0.4079910
0.5798300
0.7441100
0.8596830
0.9139460
0.8924770
0.9063570
0.8775810
0.8999090
0.9469080
0.9249260
0.9129630
0.9423900
0.9414880
0.9430580
0.9344350
0.9483540
0.9493380
0.9481540
0.9731770
0.9716400
0.9700480
0.9711100
0.9740950
0.9758880
0.9885180
0.9853230
0.9934310
0.9987550
0.9987390
1.0028800
0.9984210
1.0052200
0.9883110
1.0001400
1.0035200
0.9963460
0.9941340
1.0055400
1.0128900
1.0073100
1.0338800
1.0367900
1.0306000
1.0223000
1.0122300
1.0005100
0.9838910
0.9848810
0.9876850
0.9942000
1.0128700
1.0232700
1.0139300
0.9970870
0.9932670
0.9870720
0.9948700
0.9834890
0.9818560
0.9851960
0.9509680
0.9055670
0.8083140
0.6303370
0.4077800
0.1577550
0.1227100
0.1310580
0.1310580
0.1310580
0.1310580
0.1310580
0.1310580
0.1310580
0.1310580
0.1310580
0.0736805
0.0856856
0.1917190
0.4040940
0.6713170
0.8172350
0.8975250
0.8990470
0.8865180
0.8669700
0.8586870
0.8483490
0.8688800
0.9088430
0.8702730
0.8165210
0.8300970
0.8264050
0.8420520
0.8239270
0.7907290
0.7085410
0.7671560
0.7531220
0.7818280
0.8508160
0.8838380
0.9262880
0.9427570
0.9593000
0.9673330
0.9719700
0.9660350
0.9723270
0.9781520
0.9732420
0.9688720
