      0.00000     0.903993      1.80822      2.71269      3.61739      4.52232
      5.42749      6.33290      7.23853      8.14441      9.05051      9.95685
      10.8634      11.7702      12.6773      13.5845      14.4920      15.3998
      16.3077      17.2159      18.1243      19.0330      19.9419      20.8510
      21.7603      22.6699      23.5797      24.4897      25.3999      26.3104
      27.2211      28.1321      29.0432      29.9546      30.8662      31.7781
      32.6901      33.6024      34.5149      35.4277      36.3406      37.2538
      38.1672      39.0808      39.9947      40.9087      41.8230      42.7376
      43.6523      44.5673      45.4824      46.3978      47.3135      48.2293
      49.1454      50.0616      50.9781      51.8949      52.8118      53.7289
      54.6463      55.5639      56.4817      57.3997      58.3180      59.2364
      60.1551      61.0740      61.9931      62.9124      63.8319      64.7517
      65.6716      66.5918      67.5122      68.4328      69.3536      70.2746
      71.1958      72.1173      73.0389      73.9608      74.8829      75.8052
      76.7277      77.6504      78.5733      79.4965      80.4198      81.3433
      82.2671      83.1911      84.1152      85.0396      85.9642      86.8890
      87.8140      88.7392      89.6646      90.5902      91.5161      92.4421
      93.3683      94.2948      95.2214      96.1482      97.0753      98.0025
      98.9300      99.8577      100.786      101.714      102.642      103.570
      104.499      105.428      106.357      107.286      108.216      109.145
      110.075      111.005      111.936      112.866      113.797      114.728
      115.659      116.590      117.521      118.453      119.385      120.317
      121.249      122.182      123.114      124.047      124.980      125.913
      126.847      127.780      128.714      129.648      130.582      131.517
      132.451      133.386      134.321      135.256      136.191      137.127
      138.063      138.998      139.935      140.871      141.807      142.744
      143.681      144.618      145.555      146.493      147.430      148.368
      149.306      150.244      151.182      152.121      153.060      153.999
      154.938      155.877      156.816      157.756      158.696      159.636
      160.576      161.517      162.457      163.398      164.339      165.280
      166.221      167.163      168.104      169.046      169.988      170.931
      171.873      172.816      173.758      174.701      175.644      176.588
      177.531      178.475      179.419      180.363      181.307      182.251
      183.196      184.140      185.085      186.030      186.975      187.921
      188.866      189.812      190.758      191.704      192.651      193.597
      194.544      195.490      196.437      197.385      198.332      199.279
      200.227      201.175      202.123      203.071      204.020      204.968
      205.917      206.866      207.815      208.764      209.713      210.663
      211.613      212.562      213.512      214.463      215.413      216.364
      217.314      218.265      219.216      220.167      221.119      222.070
      223.022      223.974      224.926      225.878      226.831      227.783
      228.736      229.689      230.642      231.595      232.548      233.502
      234.456      235.409      236.363      237.318      238.272      239.226
      240.181      241.136      242.091      243.046      244.001      244.957
      245.912      246.868      247.824      248.780      249.736      250.693
      251.649      252.606      253.563      254.520      255.477      256.435
      257.392      258.350      259.308      260.265      261.224      262.182
      263.140      264.099      265.058      266.017      266.976      267.935
      268.894      269.854      270.813      271.773      272.733      273.693
      274.653      275.614      276.574      277.535      278.496      279.457
      280.418      281.380      282.341      283.303      284.264      285.226
      286.188      287.151      288.113      289.075      290.038      291.001
      291.964      292.927      293.890      294.854      295.817      296.781
      297.745      298.709      299.673      300.637      301.601      302.566
      303.531      304.495      305.460      306.425      307.391      308.356
      309.322      310.287      311.253      312.219      313.185      314.151
      315.118      316.084      317.051      318.018      318.985      319.952
      320.919      321.887      322.854      323.822      324.790      325.757
      326.725      327.694      328.662      329.630      330.599      331.568
      332.537      333.506      334.475      335.444      336.414      337.383
      338.353      339.323      340.293      341.263      342.233      343.203
      344.174      345.145      346.115      347.086      348.057      349.028
      350.000      350.971      351.943      352.914      353.886      354.858
      355.830      356.802      357.775      358.747      359.720      360.693
      361.665      362.638      363.612      364.585      365.558      366.532
      367.505      368.479      369.453      370.427      371.401      372.375
      373.350      374.324      375.299      376.274      377.249      378.224
      379.199      380.174      381.149      382.125      383.101      384.076
      385.052      386.028      387.004      387.981      388.957      389.934
      390.910      391.887      392.864      393.841      394.818      395.795
      396.772      397.750      398.728      399.705      400.683      401.661
      402.639      403.617      404.596      405.574      406.553      407.531
      408.510      409.489      410.468      411.447      412.426      413.406
      414.385      415.365      416.345      417.324      418.304      419.284
      420.265      421.245      422.225      423.206      424.186      425.167
      426.148      427.129      428.110      429.091      430.073      431.054
      432.036      433.017      433.999      434.981      435.963      436.945
      437.927      438.910      439.892      440.875      441.857      442.840
      443.823      444.806      445.789      446.772      447.756      448.739
      449.723      450.706      451.690      452.674      453.658      454.642
      455.626      456.611      457.595      458.579      459.564      460.549
      461.534      462.519      463.504      464.489      465.474      466.459
      467.445      468.430      469.416      470.402      471.388      472.374
      473.360      474.346      475.332      476.319      477.305      478.292
      479.278      480.265      481.252      482.239      483.226      484.214
      485.201      486.188      487.176      488.163      489.151      490.139
      491.127      492.115      493.103      494.091      495.079      496.068
      497.056      498.045      499.034      500.023      501.011      502.000
      502.990      503.979      504.968      505.957      506.947      507.937
      508.926      509.916      510.906      511.896      512.886      513.876
      514.866      515.857      516.847      517.838      518.828      519.819
      520.810      521.801      522.792      523.783      524.774      525.765
      526.757      527.748      528.740      529.731      530.723      531.715
      532.707      533.699      534.691      535.683      536.675      537.668
      538.660      539.653      540.646      541.638      542.631      543.624
      544.617      545.610      546.603      547.597      548.590      549.583
      550.577      551.571      552.564      553.558      554.552      555.546
      556.540      557.534      558.528      559.523      560.517      561.512
      562.506      563.501      564.496      565.490      566.485      567.480
      568.475      569.471      570.466      571.461      572.457      573.452
      574.448      575.443      576.439      577.435      578.431      579.427
      580.423      581.419      582.415      583.412      584.408      585.405
      586.401      587.398      588.395      589.391      590.388      591.385
      592.382      593.379      594.377      595.374      596.371      597.369
      598.366      599.364      600.362      601.359      602.357      603.355
      604.353      605.351      606.349      607.348      608.346      609.344
      610.343      611.341      612.340      613.339      614.337      615.336
      616.335      617.334      618.333      619.332      620.332      621.331
      622.330      623.330      624.329      625.329      626.329      627.328
      628.328      629.328      630.328      631.328      632.328      633.328
      634.329      635.329      636.329      637.330      638.330      639.331
      640.332      641.332      642.333      643.334      644.335      645.336
      646.337      647.338      648.340      649.341      650.342      651.344
      652.345      653.347      654.349      655.350      656.352      657.354
      658.356      659.358      660.360      661.362      662.364      663.367
      664.369      665.371      666.374      667.376      668.379      669.382
      670.384      671.387      672.390      673.393      674.396      675.399
      676.402      677.405      678.409      679.412      680.415      681.419
      682.422      683.426      684.430      685.433      686.437      687.441
      688.445      689.449      690.453      691.457      692.461      693.465
      694.470      695.474      696.478      697.483      698.487      699.492
      700.497      701.501      702.506      703.511      704.516      705.521
      706.526      707.531      708.536      709.541      710.547      711.552
      712.557      713.563      714.568      715.574      716.579      717.585
      718.591      719.597      720.602      721.608      722.614      723.620
      724.626      725.633      726.639      727.645      728.651      729.658
      730.664      731.671      732.677      733.684      734.690      735.697
      736.704      737.711      738.718      739.724      740.732      741.739
      742.746      743.753      744.760      745.767      746.775      747.782
      748.789      749.797      750.804      751.812      752.820      753.827
      754.835      755.843      756.851      757.859      758.866      759.874
      760.883      761.891      762.899      763.907      764.915      765.924
      766.932      767.940      768.949      769.957      770.966      771.975
      772.983      773.992      775.001      776.010      777.018      778.027
      779.036      780.045      781.054      782.064      783.073      784.082
      785.091      786.100      787.110      788.119      789.129      790.138
      791.148      792.157      793.167      794.177      795.187      796.196
      797.206      798.216      799.226      800.236      801.246      802.256
      803.266      804.276      805.287      806.297      807.307      808.317
      809.328      810.338      811.349      812.359      813.370      814.380
      815.391      816.402      817.413      818.423      819.434      820.445
      821.456      822.467      823.478      824.489      825.500      826.511
      827.523      828.534      829.545      830.557      831.568      832.579
      833.591      834.602      835.614      836.625      837.637      838.649
      839.660      840.672      841.684      842.696      843.707      844.719
      845.731      846.743      847.755      848.767      849.780      850.792
      851.804      852.816      853.828      854.841      855.853      856.865
      857.878      858.890      859.903      860.915      861.928      862.941
      863.953      864.966      865.979      866.991      868.004      869.017
      870.030      871.043      872.056      873.069      874.082      875.095
      876.108      877.121      878.134      879.148      880.161      881.174
      882.188      883.201      884.214      885.228      886.241      887.255
      888.268      889.282      890.295      891.309      892.323      893.336
      894.350      895.364      896.378      897.392      898.406      899.420
      900.434      901.448      902.462      903.476      904.490      905.504
      906.518      907.532      908.546      909.561      910.575      911.589
      912.604      913.618      914.633      915.647      916.662      917.676
      918.691      919.705      920.720      921.734      922.749      923.764
      924.779      925.793      926.808      927.823      928.838      929.853
      930.868      931.883      932.898      933.913      934.928      935.943
      936.958      937.973      938.988      940.004      941.019      942.034
      943.049      944.065      945.080      946.096      947.111      948.126
      949.142      950.157      951.173      952.189      953.204      954.220
      955.235      956.251      957.267      958.283      959.298      960.314
      961.330      962.346      963.362      964.378      965.393      966.409
      967.425      968.441      969.457      970.473      971.490      972.506
      973.522      974.538      975.554      976.570      977.587      978.603
      979.619      980.636      981.652      982.668      983.685      984.701
      985.718      986.734      987.751      988.767      989.784      990.800
      991.817      992.833      993.850      994.867      995.883      996.900
      997.917      998.934      999.951      1000.97      1001.98      1003.00
      1004.02      1005.03      1006.05      1007.07      1008.09      1009.10
      1010.12      1011.14      1012.15      1013.17      1014.19      1015.21
      1016.22      1017.24      1018.26      1019.27      1020.29      1021.31
      1022.33      1023.34      1024.36      1025.38      1026.40      1027.41
      1028.43      1029.45      1030.47      1031.48      1032.50      1033.52
      1034.54      1035.55      1036.57      1037.59      1038.61      1039.62
      1040.64      1041.66      1042.68      1043.69      1044.71      1045.73
      1046.75      1047.77      1048.78      1049.80      1050.82      1051.84
      1052.85      1053.87      1054.89      1055.91      1056.93      1057.94
      1058.96      1059.98      1061.00      1062.02      1063.04      1064.05
      1065.07      1066.09      1067.11      1068.13      1069.14      1070.16
      1071.18      1072.20      1073.22      1074.24      1075.25      1076.27
      1077.29      1078.31      1079.33      1080.35      1081.36      1082.38
      1083.40      1084.42      1085.44      1086.46      1087.48      1088.49
      1089.51      1090.53      1091.55      1092.57      1093.59      1094.61
      1095.62      1096.64      1097.66      1098.68      1099.70      1100.72
      1101.74      1102.76      1103.77      1104.79      1105.81      1106.83
      1107.85      1108.87      1109.89      1110.91      1111.93      1112.94
      1113.96      1114.98      1116.00      1117.02      1118.04      1119.06
      1120.08      1121.10      1122.12      1123.13      1124.15      1125.17
      1126.19      1127.21      1128.23      1129.25      1130.27      1131.29
      1132.31      1133.33      1134.35      1135.37      1136.38      1137.40
      1138.42      1139.44      1140.46      1141.48      1142.50      1143.52
      1144.54      1145.56      1146.58      1147.60      1148.62      1149.64
      1150.66      1151.68      1152.69      1153.71      1154.73      1155.75
      1156.77      1157.79      1158.81      1159.83      1160.85      1161.87
      1162.89      1163.91      1164.93      1165.95      1166.97      1167.99
      1169.01      1170.03      1171.05      1172.07      1173.09      1174.11
      1175.13      1176.15      1177.17      1178.19      1179.21      1180.23
      1181.25      1182.27      1183.28      1184.30      1185.32      1186.34
      1187.36      1188.38      1189.40      1190.42      1191.44      1192.46
      1193.48      1194.50      1195.52      1196.54      1197.56      1198.58
      1199.60      1200.62      1201.64      1202.66      1203.68      1204.70
      1205.72      1206.74      1207.76      1208.78      1209.80      1210.82
      1211.84      1212.86      1213.89      1214.91      1215.93      1216.95
      1217.97      1218.99      1220.01      1221.03      1222.05      1223.07
      1224.09      1225.11      1226.13      1227.15      1228.17      1229.19
      1230.21      1231.23      1232.25      1233.27      1234.29      1235.31
      1236.33      1237.35      1238.37      1239.39      1240.41      1241.43
      1242.45      1243.47      1244.49      1245.51      1246.53      1247.56
      1248.58      1249.60      1250.62      1251.64      1252.66      1253.68
      1254.70      1255.72      1256.74      1257.76      1258.78      1259.80
      1260.82      1261.84      1262.86      1263.88      1264.90      1265.92
      1266.94      1267.97      1268.99      1270.01      1271.03      1272.05
      1273.07      1274.09      1275.11      1276.13      1277.15      1278.17
      1279.19      1280.21      1281.23      1282.25      1283.28      1284.30
      1285.32      1286.34      1287.36      1288.38      1289.40      1290.42
      1291.44      1292.46      1293.48      1294.50      1295.52      1296.55
      1297.57      1298.59      1299.61      1300.63      1301.65      1302.67
      1303.69      1304.71      1305.73      1306.75      1307.77      1308.80
      1309.82      1310.84      1311.86      1312.88      1313.90      1314.92
      1315.94      1316.96      1317.98      1319.00      1320.03      1321.05
      1322.07      1323.09      1324.11      1325.13      1326.15      1327.17
      1328.19      1329.21      1330.23      1331.26      1332.28      1333.30
      1334.32      1335.34      1336.36      1337.38      1338.40      1339.42
      1340.45      1341.47      1342.49      1343.51      1344.53      1345.55
      1346.57      1347.59      1348.61      1349.63      1350.66      1351.68
      1352.70      1353.72      1354.74      1355.76      1356.78      1357.80
      1358.83      1359.85      1360.87      1361.89      1362.91      1363.93
      1364.95      1365.97      1366.99      1368.02      1369.04      1370.06
      1371.08      1372.10      1373.12      1374.14      1375.16      1376.19
      1377.21      1378.23      1379.25      1380.27      1381.29      1382.31
      1383.33      1384.36      1385.38      1386.40      1387.42      1388.44
      1389.46      1390.48      1391.50      1392.53      1393.55      1394.57
      1395.59      1396.61      1397.63      1398.65      1399.68      1400.70
      1401.72      1402.74      1403.76      1404.78      1405.80      1406.83
      1407.85      1408.87      1409.89      1410.91      1411.93      1412.95
      1413.98      1415.00      1416.02      1417.04      1418.06      1419.08
      1420.10      1421.13      1422.15      1423.17      1424.19      1425.21
      1426.23      1427.25      1428.28      1429.30      1430.32      1431.34
      1432.36      1433.38      1434.40      1435.43      1436.45      1437.47
      1438.49      1439.51      1440.53      1441.56      1442.58      1443.60
      1444.62      1445.64      1446.66      1447.69      1448.71      1449.73
      1450.75      1451.77      1452.79      1453.81      1454.84      1455.86
      1456.88      1457.90      1458.92      1459.94      1460.97      1461.99
      1463.01      1464.03      1465.05      1466.07      1467.10      1468.12
      1469.14      1470.16      1471.18      1472.21      1473.23      1474.25
      1475.27      1476.29      1477.31      1478.34      1479.36      1480.38
      1481.40      1482.42      1483.44      1484.47      1485.49      1486.51
      1487.53      1488.55      1489.58      1490.60      1491.62      1492.64
      1493.66      1494.68      1495.71      1496.73      1497.75      1498.77
      1499.79      1500.82      1501.84      1502.86      1503.88      1504.90
      1505.93      1506.95      1507.97      1508.99      1510.01      1511.03
      1512.06      1513.08      1514.10      1515.12      1516.14      1517.17
      1518.19      1519.21      1520.23      1521.25      1522.28      1523.30
      1524.32      1525.34      1526.36      1527.39      1528.41      1529.43
      1530.45      1531.47      1532.50      1533.52      1534.54      1535.56
      1536.58      1537.61      1538.63      1539.65      1540.67      1541.70
      1542.72      1543.74      1544.76      1545.78      1546.81      1547.83
      1548.85      1549.87      1550.89      1551.92      1552.94      1553.96
      1554.98      1556.01      1557.03      1558.05      1559.07      1560.09
      1561.12      1562.14      1563.16      1564.18      1565.21      1566.23
      1567.25      1568.27      1569.30      1570.32      1571.34      1572.36
      1573.38      1574.41      1575.43      1576.45      1577.47      1578.50
      1579.52      1580.54      1581.56      1582.59      1583.61      1584.63
      1585.65      1586.68      1587.70      1588.72      1589.74      1590.77
      1591.79      1592.81      1593.83      1594.86      1595.88      1596.90
      1597.92      1598.95      1599.97      1600.99      1602.01      1603.04
      1604.06      1605.08      1606.10      1607.13      1608.15      1609.17
      1610.19      1611.22      1612.24      1613.26      1614.28      1615.31
      1616.33      1617.35      1618.38      1619.40      1620.42      1621.44
      1622.47      1623.49      1624.51      1625.54      1626.56      1627.58
      1628.60      1629.63      1630.65      1631.67      1632.69      1633.72
      1634.74      1635.76      1636.79      1637.81      1638.83      1639.85
      1640.88      1641.90      1642.92      1643.95      1644.97      1645.99
      1647.02      1648.04      1649.06      1650.08      1651.11      1652.13
      1653.15      1654.18      1655.20      1656.22      1657.25      1658.27
      1659.29      1660.32      1661.34      1662.36      1663.38      1664.41
      1665.43      1666.45      1667.48      1668.50      1669.52      1670.55
      1671.57      1672.59      1673.62      1674.64      1675.66      1676.69
      1677.71      1678.73      1679.76      1680.78      1681.80      1682.83
      1683.85      1684.87      1685.90      1686.92      1687.94      1688.97
      1689.99      1691.01      1692.04      1693.06      1694.09      1695.11
      1696.13      1697.16      1698.18      1699.20      1700.23      1701.25
      1702.27      1703.30      1704.32      1705.35      1706.37      1707.39
      1708.42      1709.44      1710.46      1711.49      1712.51      1713.54
      1714.56      1715.58      1716.61      1717.63      1718.65      1719.68
      1720.70      1721.73      1722.75      1723.77      1724.80      1725.82
      1726.85      1727.87      1728.89      1729.92      1730.94      1731.97
      1732.99      1734.01      1735.04      1736.06      1737.09      1738.11
      1739.13      1740.16      1741.18      1742.21      1743.23      1744.26
      1745.28      1746.30      1747.33      1748.35      1749.38      1750.40
      1751.43      1752.45      1753.48      1754.50      1755.52      1756.55
      1757.57      1758.60      1759.62      1760.65      1761.67      1762.70
      1763.72      1764.74      1765.77      1766.79      1767.82      1768.84
      1769.87      1770.89      1771.92      1772.94      1773.97      1774.99
      1776.02      1777.04      1778.07      1779.09      1780.12      1781.14
      1782.17      1783.19      1784.22      1785.24      1786.27      1787.29
      1788.32      1789.34      1790.37      1791.39      1792.42      1793.44
      1794.47      1795.49      1796.52      1797.54      1798.57      1799.59
      1800.62      1801.64      1802.67      1803.69      1804.72      1805.74
      1806.77      1807.79      1808.82      1809.85      1810.87      1811.90
      1812.92      1813.95      1814.97      1816.00      1817.02      1818.05
      1819.08      1820.10      1821.13      1822.15      1823.18      1824.20
      1825.23      1826.26      1827.28      1828.31      1829.33      1830.36
      1831.39      1832.41      1833.44      1834.46      1835.49      1836.52
      1837.54      1838.57      1839.59      1840.62      1841.65      1842.67
      1843.70      1844.72      1845.75      1846.78      1847.80      1848.83
      1849.86      1850.88      1851.91      1852.94      1853.96      1854.99
      1856.02      1857.04      1858.07      1859.09      1860.12      1861.15
      1862.17      1863.20      1864.23      1865.26      1866.28      1867.31
      1868.34      1869.36      1870.39      1871.42      1872.44      1873.47
      1874.50      1875.52      1876.55      1877.58      1878.61      1879.63
      1880.66      1881.69      1882.71      1883.74      1884.77      1885.80
      1886.82      1887.85      1888.88      1889.91      1890.93      1891.96
      1892.99      1894.02      1895.04      1896.07      1897.10      1898.13
      1899.15      1900.18      1901.21      1902.24      1903.26      1904.29
      1905.32      1906.35      1907.38      1908.40      1909.43      1910.46
      1911.49      1912.52      1913.54      1914.57      1915.60      1916.63
      1917.66      1918.69      1919.71      1920.74      1921.77      1922.80
      1923.83      1924.86      1925.88      1926.91      1927.94      1928.97
      1930.00      1931.03      1932.06      1933.08      1934.11      1935.14
      1936.17      1937.20      1938.23      1939.26      1940.29      1941.32
      1942.34      1943.37      1944.40      1945.43      1946.46      1947.49
      1948.52      1949.55      1950.58      1951.61      1952.64      1953.67
      1954.70      1955.72      1956.75      1957.78      1958.81      1959.84
      1960.87      1961.90      1962.93      1963.96      1964.99      1966.02
      1967.05      1968.08      1969.11      1970.14      1971.17      1972.20
      1973.23      1974.26      1975.29      1976.32      1977.35      1978.38
      1979.41      1980.44      1981.47      1982.50      1983.54      1984.57
      1985.60      1986.63      1987.66      1988.69      1989.72      1990.75
      1991.78      1992.81      1993.84      1994.87      1995.90      1996.94
      1997.97      1999.00      2000.03      2001.06      2002.09      2003.12
      2004.15      2005.18      2006.22      2007.25      2008.28      2009.31
      2010.34      2011.37      2012.41      2013.44      2014.47      2015.50
      2016.53      2017.56      2018.60      2019.63      2020.66      2021.69
      2022.72      2023.76      2024.79      2025.82      2026.85      2027.89
      2028.92      2029.95      2030.98      2032.01      2033.05      2034.08
      2035.11      2036.15      2037.18      2038.21      2039.24      2040.28
      2041.31      2042.34      2043.38      2044.41      2045.44      2046.47
      2047.51      2048.54      2049.57      2050.61      2051.64      2052.67
      2053.71      2054.74      2055.77      2056.81      2057.84      2058.88
      2059.91      2060.94      2061.98      2063.01      2064.05      2065.08
      2066.11      2067.15      2068.18      2069.22      2070.25      2071.28
      2072.32      2073.35      2074.39      2075.42      2076.46      2077.49
      2078.53      2079.56      2080.60      2081.63      2082.67      2083.70
      2084.74      2085.77      2086.81      2087.84      2088.88      2089.91
      2090.95      2091.98      2093.02      2094.05      2095.09      2096.12
      2097.16      2098.19      2099.23      2100.27      2101.30      2102.34
      2103.37      2104.41      2105.45      2106.48      2107.52      2108.55
      2109.59      2110.63      2111.66      2112.70      2113.74      2114.77
      2115.81      2116.85      2117.88      2118.92      2119.96      2120.99
      2122.03      2123.07      2124.10      2125.14      2126.18      2127.22
      2128.25      2129.29      2130.33      2131.37      2132.40      2133.44
      2134.48      2135.52      2136.55      2137.59      2138.63      2139.67
      2140.71      2141.74      2142.78      2143.82      2144.86      2145.90
      2146.94      2147.97      2149.01      2150.05      2151.09      2152.13
      2153.17      2154.21      2155.24      2156.28      2157.32      2158.36
      2159.40      2160.44      2161.48      2162.52      2163.56      2164.60
      2165.64      2166.68      2167.72      2168.76      2169.80      2170.84
      2171.88      2172.92      2173.96      2175.00      2176.04      2177.08
      2178.12      2179.16      2180.20      2181.24      2182.28      2183.32
      2184.36      2185.40      2186.44      2187.48      2188.52      2189.56
      2190.61      2191.65      2192.69      2193.73      2194.77      2195.81
      2196.85      2197.90      2198.94      2199.98      2201.02      2202.06
      2203.10      2204.15      2205.19      2206.23      2207.27      2208.32
      2209.36      2210.40      2211.44      2212.49      2213.53      2214.57
      2215.61      2216.66      2217.70      2218.74      2219.79      2220.83
      2221.87      2222.92      2223.96      2225.00      2226.05      2227.09
      2228.13      2229.18      2230.22      2231.27      2232.31      2233.35
      2234.40      2235.44      2236.49      2237.53      2238.58      2239.62
      2240.66      2241.71      2242.75      2243.80      2244.84      2245.89
      2246.93      2247.98      2249.02      2250.07      2251.12      2252.16
      2253.21      2254.25      2255.30      2256.34      2257.39      2258.44
      2259.48      2260.53      2261.57      2262.62      2263.67      2264.71
      2265.76      2266.81      2267.85      2268.90      2269.95      2270.99
      2272.04      2273.09      2274.13      2275.18      2276.23      2277.28
      2278.32      2279.37      2280.42      2281.47      2282.51      2283.56
      2284.61      2285.66      2286.71      2287.76      2288.80      2289.85
      2290.90      2291.95      2293.00      2294.05      2295.10      2296.14
      2297.19      2298.24      2299.29      2300.34      2301.39      2302.44
      2303.49      2304.54      2305.59      2306.64      2307.69      2308.74
      2309.79      2310.84      2311.89      2312.94      2313.99      2315.04
      2316.09      2317.14      2318.19      2319.24      2320.30      2321.35
      2322.40      2323.45      2324.50      2325.55      2326.60      2327.66
      2328.71      2329.76      2330.81      2331.86      2332.91      2333.97
      2335.02      2336.07      2337.12      2338.18      2339.23      2340.28
      2341.34      2342.39      2343.44      2344.49      2345.55      2346.60
      2347.65      2348.71      2349.76      2350.82      2351.87      2352.92
      2353.98      2355.03      2356.09      2357.14      2358.19      2359.25
      2360.30      2361.36      2362.41      2363.47      2364.52      2365.58
      2366.63      2367.69      2368.74      2369.80      2370.86      2371.91
      2372.97      2374.02      2375.08      2376.14      2377.19      2378.25
      2379.30      2380.36      2381.42      2382.47      2383.53      2384.59
      2385.65      2386.70      2387.76      2388.82      2389.87      2390.93
      2391.99      2393.05      2394.11      2395.16      2396.22      2397.28
      2398.34      2399.40      2400.46      2401.51      2402.57      2403.63
      2404.69      2405.75      2406.81      2407.87      2408.93      2409.99
      2411.05      2412.11      2413.17      2414.23      2415.29      2416.35
      2417.41      2418.47      2419.53      2420.59      2421.65      2422.71
      2423.77      2424.83      2425.89      2426.95      2428.02      2429.08
      2430.14      2431.20      2432.26      2433.32      2434.39      2435.45
      2436.51      2437.57      2438.64      2439.70      2440.76      2441.82
      2442.89      2443.95      2445.01      2446.08      2447.14      2448.20
      2449.27      2450.33      2451.40      2452.46      2453.52      2454.59
      2455.65      2456.72      2457.78      2458.85      2459.91      2460.98
      2462.04      2463.11      2464.17      2465.24      2466.30      2467.37
      2468.43      2469.50      2470.57      2471.63      2472.70      2473.77
      2474.83      2475.90      2476.97      2478.03      2479.10      2480.17
      2481.23      2482.30      2483.37      2484.44      2485.50      2486.57
      2487.64      2488.71      2489.78      2490.85      2491.91      2492.98
      2494.05      2495.12      2496.19      2497.26      2498.33      2499.40
      2500.47      2501.54      2502.61      2503.68      2504.75      2505.82
      2506.89      2507.96      2509.03      2510.10      2511.17      2512.24
      2513.31      2514.38      2515.45      2516.53      2517.60      2518.67
      2519.74      2520.81      2521.89      2522.96      2524.03      2525.10
      2526.18      2527.25      2528.32      2529.40      2530.47      2531.54
      2532.62      2533.69      2534.76      2535.84      2536.91      2537.98
      2539.06      2540.13      2541.21      2542.28      2543.36      2544.43
      2545.51      2546.58      2547.66      2548.73      2549.81      2550.89
      2551.96      2553.04      2554.11      2555.19      2556.27      2557.34
      2558.42      2559.50      2560.58      2561.65      2562.73      2563.81
      2564.89      2565.96      2567.04      2568.12      2569.20      2570.28
      2571.35      2572.43      2573.51      2574.59      2575.67      2576.75
      2577.83      2578.91      2579.99      2581.07      2582.15      2583.23
      2584.31      2585.39      2586.47      2587.55      2588.63      2589.71
      2590.79      2591.88      2592.96      2594.04      2595.12      2596.20
      2597.28      2598.37      2599.45      2600.53      2601.61      2602.70
      2603.78      2604.86      2605.95      2607.03      2608.11      2609.20
      2610.28      2611.37      2612.45      2613.53      2614.62      2615.70
      2616.79      2617.87      2618.96      2620.04      2621.13      2622.21
      2623.30      2624.39      2625.47      2626.56      2627.64      2628.73
      2629.82      2630.91      2631.99      2633.08      2634.17      2635.25
      2636.34      2637.43      2638.52      2639.61      2640.69      2641.78
      2642.87      2643.96      2645.05      2646.14      2647.23      2648.32
      2649.41      2650.50      2651.59      2652.68      2653.77      2654.86
      2655.95      2657.04      2658.13      2659.22      2660.31      2661.40
      2662.49      2663.59      2664.68      2665.77      2666.86      2667.96
      2669.05      2670.14      2671.23      2672.33      2673.42      2674.51
      2675.61      2676.70      2677.79      2678.89      2679.98      2681.08
      2682.17      2683.27      2684.36      2685.46      2686.55      2687.65
      2688.74      2689.84      2690.94      2692.03      2693.13      2694.22
      2695.32      2696.42      2697.51      2698.61      2699.71      2700.81
      2701.90      2703.00      2704.10      2705.20      2706.30      2707.40
      2708.49      2709.59      2710.69      2711.79      2712.89      2713.99
      2715.09      2716.19      2717.29      2718.39      2719.49      2720.59
      2721.69      2722.80      2723.90      2725.00      2726.10      2727.20
      2728.30      2729.41      2730.51      2731.61      2732.71      2733.82
      2734.92      2736.02      2737.13      2738.23      2739.33      2740.44
      2741.54      2742.65      2743.75      2744.86      2745.96      2747.07
      2748.17      2749.28      2750.38      2751.49      2752.59      2753.70
      2754.81      2755.91      2757.02      2758.13      2759.24      2760.34
      2761.45      2762.56      2763.67      2764.78      2765.88      2766.99
      2768.10      2769.21      2770.32      2771.43      2772.54      2773.65
      2774.76      2775.87      2776.98      2778.09      2779.20      2780.31
      2781.42      2782.53      2783.64      2784.76      2785.87      2786.98
      2788.09      2789.21      2790.32      2791.43      2792.54      2793.66
      2794.77      2795.88      2797.00      2798.11      2799.23      2800.34
      2801.46      2802.57      2803.69      2804.80      2805.92      2807.03
      2808.15      2809.26      2810.38      2811.50      2812.61      2813.73
      2814.85      2815.97      2817.08      2818.20      2819.32      2820.44
      2821.56      2822.67      2823.79      2824.91      2826.03      2827.15
      2828.27      2829.39      2830.51      2831.63      2832.75      2833.87
      2834.99      2836.11      2837.24      2838.36      2839.48      2840.60
      2841.72      2842.84      2843.97      2845.09      2846.21      2847.34
      2848.46      2849.58      2850.71      2851.83      2852.96      2854.08
      2855.21      2856.33      2857.46      2858.58      2859.71      2860.83
      2861.96      2863.08      2864.21      2865.34      2866.47      2867.59
      2868.72      2869.85      2870.97      2872.10      2873.23      2874.36
      2875.49      2876.62      2877.75      2878.88      2880.01      2881.14
      2882.27      2883.40      2884.53      2885.66      2886.79      2887.92
      2889.05      2890.18      2891.31      2892.45      2893.58      2894.71
      2895.84      2896.98      2898.11      2899.24      2900.38      2901.51
      2902.64      2903.78      2904.91      2906.05      2907.18      2908.32
      2909.45      2910.59      2911.73      2912.86      2914.00      2915.13
      2916.27      2917.41      2918.55      2919.68      2920.82      2921.96
      2923.10      2924.24      2925.38      2926.51      2927.65      2928.79
      2929.93      2931.07      2932.21      2933.35      2934.49      2935.64
      2936.78      2937.92      2939.06      2940.20      2941.34      2942.49
      2943.63      2944.77      2945.91      2947.06      2948.20      2949.34
      2950.49      2951.63      2952.78      2953.92      2955.07      2956.21
      2957.36      2958.50      2959.65      2960.80      2961.94      2963.09
      2964.24      2965.38      2966.53      2967.68      2968.83      2969.97
      2971.12      2972.27      2973.42      2974.57      2975.72      2976.87
      2978.02      2979.17      2980.32      2981.47      2982.62      2983.77
      2984.92      2986.08      2987.23      2988.38      2989.53      2990.69
      2991.84      2992.99      2994.15      2995.30      2996.45      2997.61
      2998.76      2999.92      3001.07      3002.23      3003.38      3004.54
      3005.69      3006.85      3008.01      3009.16      3010.32      3011.48
      3012.64      3013.79      3014.95      3016.11      3017.27      3018.43
      3019.59      3020.75      3021.91      3023.07      3024.23      3025.39
      3026.55      3027.71      3028.87      3030.03      3031.19      3032.36
      3033.52      3034.68      3035.84      3037.01      3038.17      3039.34
      3040.50      3041.66      3042.83      3043.99      3045.16      3046.32
      3047.49      3048.65      3049.82      3050.99      3052.15      3053.32
      3054.49      3055.66      3056.82      3057.99      3059.16      3060.33
      3061.50      3062.67      3063.84      3065.01      3066.18      3067.35
      3068.52      3069.69      3070.86      3072.03      3073.20      3074.37
      3075.55      3076.72      3077.89      3079.06      3080.24      3081.41
      3082.59      3083.76      3084.93      3086.11      3087.28      3088.46
      3089.64      3090.81      3091.99      3093.16      3094.34      3095.52
      3096.70      3097.87      3099.05      3100.23      3101.41      3102.59
      3103.76      3104.94      3106.12      3107.30      3108.48      3109.66
      3110.85      3112.03      3113.21      3114.39      3115.57      3116.75
      3117.94      3119.12      3120.30      3121.49      3122.67      3123.85
      3125.04      3126.22      3127.41      3128.59      3129.78      3130.96
      3132.15      3133.34      3134.52      3135.71      3136.90      3138.08
      3139.27      3140.46      3141.65      3142.84      3144.03      3145.22
      3146.41      3147.60      3148.79      3149.98      3151.17      3152.36
      3153.55      3154.74      3155.93      3157.13      3158.32      3159.51
      3160.71      3161.90      3163.09      3164.29      3165.48      3166.68
      3167.87      3169.07      3170.26      3171.46      3172.66      3173.85
      3175.05      3176.25      3177.44      3178.64      3179.84      3181.04
      3182.24      3183.44      3184.64      3185.84      3187.04      3188.24
      3189.44      3190.64      3191.84      3193.04      3194.24      3195.45
      3196.65      3197.85      3199.06      3200.26      3201.46      3202.67
      3203.87      3205.08      3206.28      3207.49      3208.69      3209.90
      3211.11      3212.31      3213.52      3214.73      3215.94      3217.14
      3218.35      3219.56      3220.77      3221.98      3223.19      3224.40
      3225.61      3226.82      3228.03      3229.24      3230.45      3231.67
      3232.88      3234.09      3235.30      3236.52      3237.73      3238.94
      3240.16      3241.37      3242.59      3243.80      3245.02      3246.24
      3247.45      3248.67      3249.89      3251.10      3252.32      3253.54
      3254.76      3255.98      3257.19      3258.41      3259.63      3260.85
      3262.07      3263.29      3264.51      3265.74      3266.96      3268.18
      3269.40      3270.62      3271.85      3273.07      3274.30      3275.52
      3276.74      3277.97      3279.19      3280.42      3281.64      3282.87
      3284.10      3285.32      3286.55      3287.78      3289.01      3290.23
      3291.46      3292.69      3293.92      3295.15      3296.38      3297.61
      3298.84      3300.07      3301.30      3302.54      3303.77      3305.00
      3306.23      3307.47      3308.70      3309.93      3311.17      3312.40
      3313.64      3314.87      3316.11      3317.34      3318.58      3319.82
      3321.05      3322.29      3323.53      3324.77      3326.00      3327.24
      3328.48      3329.72      3330.96      3332.20      3333.44      3334.68
      3335.92      3337.17      3338.41      3339.65      3340.89      3342.14
      3343.38      3344.62      3345.87      3347.11      3348.36      3349.60
      3350.85      3352.09      3353.34      3354.59      3355.83      3357.08
      3358.33      3359.58      3360.83      3362.08      3363.32      3364.57
      3365.82      3367.07      3368.33      3369.58      3370.83      3372.08
      3373.33      3374.58      3375.84      3377.09      3378.35      3379.60
      3380.85      3382.11      3383.36      3384.62      3385.88      3387.13
      3388.39      3389.65      3390.90      3392.16      3393.42      3394.68
      3395.94      3397.20      3398.46      3399.72      3400.98      3402.24
      3403.50      3404.76      3406.02      3407.29      3408.55      3409.81
      3411.08      3412.34      3413.60      3414.87      3416.13      3417.40
      3418.67      3419.93      3421.20      3422.47      3423.73      3425.00
      3426.27      3427.54      3428.81      3430.08      3431.35      3432.62
      3433.89      3435.16      3436.43      3437.70      3438.98      3440.25
      3441.52      3442.79      3444.07      3445.34      3446.62      3447.89
      3449.17      3450.44      3451.72      3453.00      3454.27      3455.55
      3456.83      3458.11      3459.38      3460.66      3461.94      3463.22
      3464.50      3465.78      3467.06      3468.35      3469.63      3470.91
      3472.19      3473.48      3474.76      3476.04      3477.33      3478.61
      3479.90      3481.18      3482.47      3483.76      3485.04      3486.33
      3487.62      3488.90      3490.19      3491.48      3492.77      3494.06
      3495.35      3496.64      3497.93      3499.22      3500.52      3501.81
      3503.10      3504.39      3505.69      3506.98      3508.27      3509.57
      3510.86      3512.16      3513.45      3514.75      3516.05      3517.34
      3518.64      3519.94      3521.24      3522.54      3523.84      3525.14
      3526.44      3527.74      3529.04      3530.34      3531.64      3532.94
      3534.25      3535.55      3536.85      3538.16      3539.46      3540.77
      3542.07      3543.38      3544.68      3545.99      3547.30      3548.60
      3549.91      3551.22      3552.53      3553.84      3555.15      3556.46
      3557.77      3559.08      3560.39      3561.70      3563.01      3564.32
      3565.64      3566.95      3568.26      3569.58      3570.89      3572.21
      3573.52      3574.84      3576.16      3577.47      3578.79      3580.11
      3581.43      3582.75      3584.06      3585.38      3586.70      3588.03
      3589.35      3590.67      3591.99      3593.31      3594.63      3595.96
      3597.28      3598.60      3599.93      3601.25      3602.58      3603.91
      3605.23      3606.56      3607.89      3609.21      3610.54      3611.87
      3613.20      3614.53      3615.86      3617.19      3618.52      3619.85
      3621.18      3622.51      3623.85      3625.18      3626.51      3627.85
      3629.18      3630.52      3631.85      3633.19      3634.52      3635.86
      3637.20      3638.54      3639.87      3641.21      3642.55      3643.89
      3645.23      3646.57      3647.91      3649.25      3650.60      3651.94
      3653.28      3654.62      3655.97      3657.31      3658.66      3660.00
      3661.35      3662.69      3664.04      3665.39      3666.73      3668.08
      3669.43      3670.78      3672.13      3673.48      3674.83      3676.18
      3677.53      3678.88      3680.24      3681.59      3682.94      3684.30
      3685.65      3687.00      3688.36      3689.71      3691.07      3692.43
      3693.78      3695.14      3696.50      3697.86      3699.22      3700.58
      3701.94      3703.30      3704.66      3706.02      3707.38      3708.74
      3710.10      3711.47      3712.83      3714.20      3715.56      3716.93
      3718.29      3719.66      3721.02      3722.39      3723.76      3725.13
      3726.50      3727.87      3729.24      3730.61      3731.98      3733.35
      3734.72      3736.09      3737.46      3738.84      3740.21      3741.58
      3742.96      3744.33      3745.71      3747.09      3748.46      3749.84
      3751.22      3752.59      3753.97      3755.35      3756.73      3758.11
      3759.49      3760.87      3762.26      3763.64      3765.02      3766.40
      3767.79      3769.17      3770.55      3771.94      3773.33      3774.71
      3776.10      3777.49      3778.87      3780.26      3781.65      3783.04
      3784.43      3785.82      3787.21      3788.60      3789.99      3791.39
      3792.78      3794.17      3795.57      3796.96      3798.35      3799.75
      3801.15      3802.54      3803.94      3805.34      3806.73      3808.13
      3809.53      3810.93      3812.33      3813.73      3815.13      3816.53
      3817.94      3819.34      3820.74      3822.15      3823.55      3824.95
      3826.36      3827.77      3829.17      3830.58      3831.99      3833.39
      3834.80      3836.21      3837.62      3839.03      3840.44      3841.85
      3843.26      3844.68      3846.09      3847.50      3848.92      3850.33
      3851.74      3853.16      3854.58      3855.99      3857.41      3858.83
      3860.24      3861.66      3863.08      3864.50      3865.92      3867.34
      3868.76      3870.19      3871.61      3873.03      3874.45      3875.88
      3877.30      3878.73      3880.15      3881.58      3883.01      3884.43
      3885.86      3887.29      3888.72      3890.15      3891.58      3893.01
      3894.44      3895.87      3897.30      3898.74      3900.17      3901.60
      3903.04      3904.47      3905.91      3907.34      3908.78      3910.22
      3911.66      3913.09      3914.53      3915.97      3917.41      3918.85
      3920.29      3921.73      3923.18      3924.62      3926.06      3927.51
      3928.95      3930.40      3931.84      3933.29      3934.73      3936.18
      3937.63      3939.08      3940.53      3941.98      3943.43      3944.88
      3946.33      3947.78      3949.23      3950.68      3952.14      3953.59
      3955.05      3956.50      3957.96      3959.41      3960.87      3962.33
      3963.79      3965.24      3966.70      3968.16      3969.62      3971.08
      3972.54      3974.01      3975.47      3976.93      3978.40      3979.86
      3981.33      3982.79      3984.26      3985.72      3987.19      3988.66
      3990.13      3991.60      3993.07      3994.54      3996.01      3997.48
      3998.95      4000.42      4001.90      4003.37      4004.84      4006.32
      4007.79      4009.27      4010.75      4012.22      4013.70      4015.18
      4016.66      4018.14      4019.62      4021.10      4022.58      4024.06
      4025.54      4027.03      4028.51      4030.00      4031.48      4032.97
      4034.45      4035.94      4037.43      4038.91      4040.40      4041.89
      4043.38      4044.87      4046.36      4047.85      4049.35      4050.84
      4052.33      4053.83      4055.32      4056.82      4058.31      4059.81
      4061.30      4062.80      4064.30      4065.80      4067.30      4068.80
      4070.30      4071.80      4073.30      4074.80      4076.31      4077.81
      4079.32      4080.82      4082.33      4083.83      4085.34      4086.85
      4088.35      4089.86      4091.37      4092.88      4094.39      4095.90
      4097.41      4098.93      4100.44      4101.95      4103.47      4104.98
      4106.50      4108.01      4109.53      4111.05      4112.57      4114.08
      4115.60      4117.12      4118.64      4120.16      4121.69      4123.21
      4124.73      4126.25      4127.78      4129.30      4130.83      4132.35
      4133.88      4135.41      4136.94      4138.47      4140.00      4141.53
      4143.06      4144.59      4146.12      4147.65      4149.18      4150.72
      4152.25      4153.79      4155.32      4156.86      4158.40      4159.93
      4161.47      4163.01      4164.55      4166.09      4167.63      4169.17
      4170.71      4172.26      4173.80      4175.34      4176.89      4178.43
      4179.98      4181.53      4183.07      4184.62      4186.17      4187.72
      4189.27      4190.82      4192.37      4193.92      4195.47      4197.03
      4198.58      4200.14      4201.69      4203.25      4204.80      4206.36
      4207.92      4209.48      4211.03      4212.59      4214.15      4215.72
      4217.28      4218.84      4220.40      4221.97      4223.53      4225.10
      4226.66      4228.23      4229.79      4231.36      4232.93      4234.50
      4236.07      4237.64      4239.21      4240.78      4242.35      4243.93
      4245.50      4247.07      4248.65      4250.22      4251.80      4253.38
      4254.96      4256.53      4258.11      4259.69      4261.27      4262.85
      4264.44      4266.02      4267.60      4269.19      4270.77      4272.35
      4273.94      4275.53      4277.11      4278.70      4280.29      4281.88
      4283.47      4285.06      4286.65      4288.24      4289.84      4291.43
      4293.02      4294.62      4296.21      4297.81      4299.41      4301.00
      4302.60      4304.20      4305.80      4307.40      4309.00      4310.60
      4312.21      4313.81      4315.41      4317.02      4318.62      4320.23
      4321.83      4323.44      4325.05      4326.66      4328.27      4329.88
      4331.49      4333.10      4334.71      4336.32      4337.94      4339.55
      4341.17      4342.78      4344.40      4346.01      4347.63      4349.25
      4350.87      4352.49      4354.11      4355.73      4357.35      4358.98
      4360.60      4362.22      4363.85      4365.47      4367.10      4368.73
      4370.36      4371.98      4373.61      4375.24      4376.87      4378.50
      4380.14      4381.77      4383.40      4385.04      4386.67      4388.31
      4389.94      4391.58      4393.22      4394.86      4396.50      4398.14
      4399.78      4401.42      4403.06      4404.70      4406.35      4407.99
      4409.64      4411.28      4412.93      4414.57      4416.22      4417.87
      4419.52      4421.17      4422.82      4424.47      4426.13      4427.78
      4429.43      4431.09      4432.74      4434.40      4436.05      4437.71
      4439.37      4441.03      4442.69      4444.35      4446.01      4447.67
      4449.33      4451.00      4452.66      4454.33      4455.99      4457.66
      4459.33      4460.99      4462.66      4464.33      4466.00      4467.67
      4469.34      4471.02      4472.69      4474.36      4476.04      4477.71
      4479.39      4481.07      4482.74      4484.42      4486.10      4487.78
      4489.46      4491.14      4492.83      4494.51      4496.19      4497.88
      4499.56      4501.25      4502.93      4504.62      4506.31      4508.00
      4509.69      4511.38      4513.07      4514.76      4516.46      4518.15
      4519.84      4521.54      4523.23      4524.93      4526.63      4528.33
      4530.03      4531.73      4533.43      4535.13      4536.83      4538.53
      4540.24      4541.94      4543.65      4545.35      4547.06      4548.77
      4550.47      4552.18      4553.89      4555.60      4557.31      4559.03
      4560.74      4562.45      4564.17      4565.88      4567.60      4569.32
      4571.03      4572.75      4574.47      4576.19      4577.91      4579.63
      4581.35      4583.08      4584.80      4586.53      4588.25      4589.98
      4591.70      4593.43      4595.16      4596.89      4598.62      4600.35
      4602.08      4603.82      4605.55      4607.28      4609.02      4610.76
      4612.49      4614.23      4615.97      4617.71      4619.45      4621.19
      4622.93      4624.67      4626.41      4628.16
