 268.936
 261.652
 253.398
 245.946
 239.552
 232.531
 225.270
 219.448
 212.772
 206.342
 198.588
 191.106
 184.653
 181.276
 175.991
 171.510
 167.612
 162.727
 158.099
 153.593
 150.823
 147.932
 144.078
 140.345
 136.166
 131.480
 129.811
 126.425
 123.492
 120.757
 117.586
 114.691
 112.368
 109.491
 106.246
 103.198
 100.837
  98.674
  96.125
  93.678
  91.285
  89.958
  88.438
  86.517
  84.193
  81.311
  78.659
  77.767
  75.988
  74.661
  72.006
  71.053
  68.296
  66.333
  65.186
  63.078
  60.342
  58.674
  57.995
  56.579
  55.060
  53.467
  51.104
  50.093
  48.959
  47.492
  45.063
  44.227
  43.672
  42.988
  41.619
  39.710
  39.223
  38.584
  37.651
  36.910
  36.170
  35.109
  34.275
  33.510
  32.630
  31.895
  31.084
  30.462
  29.703
  29.105
  28.371
  27.128
  26.775
  26.461
  25.836
  25.331
  24.781
  24.191
  23.640
  23.147
  22.550
  22.028
  21.549
  20.926
  20.594
  20.051
  19.676
  19.146
  18.840
  18.476
  18.016
  17.743
  17.272
  16.969
  16.614
  16.285
  16.115
  15.803
  15.513
  15.212
  14.897
  14.626
  14.353
  14.093
  13.851
  13.437
  13.178
  13.080
  12.854
  12.627
  12.473
  12.342
  15.510
  15.023
  14.566
  14.141
  13.670
  13.192
  12.929
  12.591
  12.370
  11.962
  11.631
  11.278
  10.984
  10.719
  10.432
  10.148
   9.845
   9.570
   9.340
   9.090
   8.850
   8.636
   8.409
   8.185
   7.947
   7.728
   7.566
   7.377
   7.186
   7.015
   6.839
   6.672
   6.519
   6.359
   6.201
   6.052
   5.892
   5.714
   5.596
   5.484
   5.360
   5.229
   5.094
   4.988
   4.888
   4.778
   4.671
   4.571
   4.468
   4.366
   4.268
   4.176
   4.093
   4.005
   3.906
   3.816
   3.718
   3.638
   3.553
   3.470
   3.425
   3.357
   3.295
   3.233
   3.167
   3.100
   3.040
   2.985
   2.923
   2.859
   2.803
   2.742
   2.693
   2.635
   2.577
   2.546
   2.503
   2.459
   2.412
   2.365
   2.319
   2.271
   2.236
   2.197
   2.158
   2.112
   2.040
   2.006
   1.961
   1.900
   1.872
   1.828
   1.781
   1.762
   1.730
   1.682
   1.664
   1.633
   1.601
   1.583
   1.555
   1.523
   1.507
   1.484
   1.453
   1.440
   1.425
   1.403
   1.384
   1.364
   1.342
   1.321
   1.303
   1.288
   1.271
   1.249
   1.231
   1.214
   1.195
   1.178
   1.162
   1.147
   1.129
   1.112
   1.099
   1.085
   1.068
   1.052
 354.931
 366.871
 355.543
 347.155
 388.223
 481.616
 539.172
 548.273
 538.975
 532.523
 568.867
 618.349
 649.260
 656.521
 653.732
 653.185
 638.765
 624.537
 620.284
 612.244
 592.378
 580.476
 587.559
 592.559
 592.286
 589.768
 579.426
 571.917
 571.825
 570.166
 562.737
 556.893
 550.466
 539.217
 529.177
 524.724
 520.150
 512.431
 501.138
 487.307
 482.911
 480.120
 473.075
 467.142
 463.271
 457.726
 449.247
 438.682
 429.960
 422.088
 413.831
 407.707
 404.040
 399.434
 391.995
 381.689
 371.738
 364.863
 359.321
 355.138
 350.918
 344.784
 338.163
 331.644
 323.734
 312.221
 304.605
 304.507
 303.260
 300.880
 296.503
 291.254
 285.401
 280.576
 276.072
 270.739
 267.356
 263.682
 259.038
 254.922
 250.783
 247.232
 243.684
 240.120
 236.675
 232.885
 228.377
 224.943
 221.956
 218.954
 215.395
 211.877
 208.870
 205.832
 202.319
 198.815
