     0.662000
      2.54500
      5.53400
      8.10500
      12.2650
      13.8480
      12.4800
      8.16200
      20.6940
      25.9840
      30.1890
      35.8180
      40.2560
      42.5490
      43.6890
      40.7720
      21.5680
      23.8530
      48.5660
      59.1250
      63.3670
      67.1450
      70.0170
      73.3300
      76.5610
      77.1720
      77.6030
      72.2650
      68.7670
      75.8210
      88.6100
      97.3830
      102.298
      103.496
      105.200
      111.038
      114.939
      124.322
      129.497
      135.510
      138.257
      141.616
      144.246
      148.081
      150.328
      152.783
      157.716
      156.368
      156.470
      153.542
      148.911
      146.185
      147.006
      147.931
      152.254
      157.588
      163.532
      168.998
      169.818
      177.126
      179.182
      149.089
      127.972
      99.2170
      83.1630
      103.889
      131.760
      140.551
      140.005
      122.591
      143.008
      146.213
      151.603
      157.700
      160.827
      160.019
      167.551
      162.227
      158.572
      166.549
      168.722
      165.557
      167.737
      166.603
      169.034
      160.841
      160.807
      158.534
      133.943
      155.280
      160.390
      163.212
      165.798
      166.041
      164.474
      164.921
      170.483
      173.499
      176.848
      179.971
      182.275
      187.372
      190.544
      189.612
      190.467
      189.847
      187.591
      183.718
      180.671
      177.740
      173.496
      170.764
      169.254
      167.925
      166.051
      161.458
      157.613
      159.027
      157.725
      152.260
      149.072
      133.582
      127.541
      106.662
      83.9280
      58.1990
      40.7230
      26.4740
      9.45300
      13.5450
      19.1620
      26.9500
      39.3570
      52.5690
      69.6100
      78.3830
      116.836
      141.914
      169.148
      193.642
      216.557
      238.238
      252.527
      264.263
      273.120
      276.544
      275.712
      277.667
      283.936
      294.641
      305.692
      315.103
      322.595
      331.270
      342.921
      351.507
      364.453
      381.996
      400.197
      418.372
      429.768
      442.466
      454.066
      464.451
      476.959
      485.388
      495.035
      495.850
      492.099
      484.583
      489.923
      488.712
      510.750
      523.630
      524.460
      526.585
      543.245
      550.495
      557.900
      563.245
      566.995
      565.780
      563.450
      564.170
      565.765
      573.610
      579.340
      584.910
      589.725
      593.835
      592.405
      591.005
      586.810
      587.070
      586.810
      588.870
      589.545
      589.465
      588.050
      588.180
      584.720
      584.495
      582.720
      579.080
      575.885
      569.605
      560.855
      553.790
      548.390
      539.590
      524.600
      527.300
      542.355
      542.955
      554.960
      561.865
      563.300
      560.240
      569.065
      554.470
      463.174
      355.718
      228.693
      185.475
      218.553
      411.988
      487.309
      499.641
      507.565
      506.985
      509.045
      509.645
      516.645
      516.750
      513.130
      510.265
      508.085
      504.360
      499.893
      494.116
      487.430
      485.686
      479.578
      472.838
      468.029
      461.919
      456.772
      453.031
      450.360
      445.181
      436.409
      429.335
      416.062
      407.727
      398.366
      390.596
      4.26570
      4.81956
      4.83931
      4.96233
      4.75944
      4.88896
      5.80566
      7.11536
      8.27395
      9.16717
      9.86747
      10.8372
      11.7285
      12.3438
      12.8076
      13.8750
      15.3729
      16.9323
      18.5284
      20.4277
      22.2820
      23.6215
      24.4377
      25.6181
      26.6554
      27.8179
      29.4237
      30.7830
      31.8032
      32.6334
      33.0864
      32.9476
      32.1601
      31.9293
      31.6517
      31.3568
      31.5881
      32.1428
      32.8594
      33.9670
      34.7247
      35.9186
      37.6998
      38.6459
      38.7866
      39.0485
      38.7258
      38.2969
      37.2823
      36.2147
      34.8664
      33.4994
      31.9471
      30.4216
      28.9785
      27.9491
      26.8361
      25.6891
      24.3771
      23.1827
      22.3070
      21.6276
      21.0400
      20.6524
      20.5013
      20.4076
      19.8697
      19.3099
      18.7961
      18.1171
      17.6163
      16.9652
      16.0228
      14.9593
      13.8798
      12.7565
      11.6795
      10.6428
      9.61070
      8.76294
      7.80771
      6.85247
      5.94293
      4.99255
      4.04217
      3.14539
      2.22902
      1.38758
     0.921126
     0.621509
     0.471716
     0.396896
     0.359607
     0.322239
     0.322518
     0.322804
