# Spectres de référence Calvin & Erard (1997) - OMEGA voies C & L
#  clair     sombre
0.40150401 0.14132795
0.40213269 0.14081974
0.40288734 0.14034784
0.40345728 0.14012198
0.40440455 0.14006451
0.40573385 0.14018725
0.40660024 0.14029308
0.40779120 0.14059035
0.40975833 0.14123453
0.41129184 0.14182568
0.41245693 0.14233777
0.41370788 0.14286108
0.41307768 0.14275837
0.41364959 0.14297003
0.41354358 0.14290567
0.41399485 0.14304329
0.41515455 0.14331068
0.41569972 0.14338829
0.41633460 0.14350085
0.41687399 0.14350031
0.41749021 0.14357653
0.41804793 0.14362843
0.41852176 0.14363553
0.41893137 0.14363745
0.41931224 0.14364158
0.41965449 0.14364770
0.41995189 0.14365841
0.42022681 0.14367040
0.42046827 0.14368533
0.42068094 0.14370166
0.42087811 0.14371872
0.42104900 0.14373685
0.42120260 0.14375496
0.42134458 0.14377312
0.42146337 0.14379050
0.42157325 0.14380673
0.42167267 0.14382237
0.42175439 0.14383464
0.42182675 0.14384483
0.42188829 0.14385191
0.42193940 0.14385568
0.42198214 0.14385606
0.42200595 0.14384799
0.42202425 0.14383663
0.42202821 0.14381689
0.42201677 0.14378729
0.42199594 0.14375152
0.42196128 0.14370543
0.42191032 0.14364739
0.42183700 0.14357224
0.42172799 0.14346856
0.42161903 0.14336494
0.42148405 0.14324069
0.42134070 0.14310947
0.42119735 0.14297825
0.42104951 0.14284363
0.42086858 0.14268225
0.42068788 0.14252110
0.42050716 0.14235996
0.42031294 0.14218828
0.42010865 0.14200878
0.41990432 0.14182930
0.41970193 0.14165097
0.41948432 0.14146103
0.41926700 0.14127135
0.41904971 0.14108166
0.41883013 0.14089125
0.41860679 0.14069736
0.41838378 0.14050375
0.41816095 0.14031029
0.41793698 0.14011785
0.41771296 0.13992494
0.41748908 0.13973217
0.41726834 0.13954285
0.41704866 0.13935587
0.41682917 0.13916904
0.41660979 0.13898234
0.41639939 0.13880439
0.41619158 0.13863035
0.41598403 0.13845655
0.41577667 0.13828288
0.41558632 0.13812727
0.41539863 0.13797432
0.41521123 0.13782160
0.41502410 0.13766910
0.41487098 0.13755356
0.41471517 0.13743433
0.41455948 0.13731518
0.41442788 0.13722180
0.41431975 0.13715366
0.41421169 0.13708556
0.41410387 0.13701761
0.41403905 0.13700670
0.41398627 0.13700601
0.41393358 0.13700531
0.41383237 0.13699125
0.41375723 0.13702896
0.41368219 0.13706662
0.41360727 0.13710421
0.41336650 0.13709432
0.41309002 0.13709211
0.41281414 0.13708991
0.41253868 0.13708772
0.41184205 0.13694681
0.41113916 0.13681081
0.41043782 0.13667510
0.40981400 0.13656348
0.40877086 0.13631278
0.40773007 0.13606265
0.40632650 0.13568030
0.40469989 0.13519478
0.40303826 0.13465366
0.40143505 0.13406691
0.39989966 0.13344163
0.39826941 0.13275653
0.39639199 0.13199677
0.39407289 0.13113584
0.39114648 0.13015573
0.38745075 0.12903811
0.38279116 0.12775636
0.37823200 0.12657845
0.37596816 0.12623578
0.36852193 0.12476659
0.35452986 0.12148404
0.33933854 0.11755407
0.32344246 0.11315292
0.30696177 0.10834610
0.29012489 0.10324669
0.39821467 0.13273366
0.39496458 0.13145816
0.39031756 0.12989347
0.38355732 0.12796071
0.37719831 0.12637632
0.36666203 0.12435853
0.34434342 0.11888605
0.31822443 0.11164951
0.29087496 0.10347795
0.26303577 0.09473908
0.23513079 0.08568585
0.20808077 0.07671726
0.18122697 0.06769431
0.15669489 0.05940604
0.13472199 0.05201107
0.11635780 0.04593498
0.10201025 0.04141068
0.09330368 0.03906395
0.09095751 0.03919251
0.09314936 0.04074679
0.09708434 0.04237625
0.10045686 0.04300685
0.10495967 0.04304244
0.10933828 0.04498731
0.11365026 0.04681861
0.11864997 0.04857536
0.11972281 0.04857203
0.12204356 0.04937829
0.12233037 0.04853010
0.12832850 0.04871775
0.13174395 0.04898981
0.13570476 0.05030793
0.14236403 0.05225991
0.14713395 0.05426723
0.15792441 0.05602431
0.16878533 0.05805874
0.17857003 0.06177410
0.18373579 0.06417730
0.18908679 0.06846365
0.19433701 0.07053694
0.20156980 0.07361472
0.20947850 0.07587941
0.21700484 0.07437342
0.22437167 0.07567316
0.23329222 0.08063883
0.24934220 0.08783293
0.26684165 0.09481204
0.28203595 0.09957355
0.29522991 0.10386807
0.30967093 0.11181259
0.32231033 0.12088811
0.33468843 0.12578177
0.34598410 0.12821531
0.35643733 0.13046849
0.36446595 0.13197617
0.36807543 0.13271481
0.37148520 0.13689986
0.37875938 0.14069200
0.38466915 0.14500377
0.39099246 0.14766860
0.39737034 0.14919706
0.39925325 0.15039654
0.39765733 0.15112713
0.39771518 0.15275344
0.39558125 0.15323798
0.39388829 0.15344678
0.39719635 0.15297866
0.40023303 0.15386236
0.39637876 0.15567309
0.40282595 0.15773559
0.39956713 0.15947783
0.38819838 0.16036366
0.38131595 0.15970242
0.37472177 0.15662885
0.36654687 0.14992905
0.35237479 0.13741708
0.33775282 0.12380648
0.32810891 0.11958188
0.32388037 0.11806262
0.32048678 0.11678298
0.31757146 0.11567219
0.31501597 0.11470315
0.31268957 0.11383352
0.31041220 0.11299834
0.30831009 0.11224337
0.30629212 0.11153306
0.30424446 0.11082505
0.30227998 0.11015666
0.30028775 0.10949013
0.29833797 0.10884739
0.29636085 0.10820651
0.29436821 0.10757375
0.29247487 0.10698606
0.29053655 0.10640165
0.28850013 0.10581374
0.28574014 0.10507070
0.28364658 0.10455998
0.28144270 0.10407892
0.27900803 0.10362916
0.27593732 0.10317935
0.27240783 0.10279012
0.26839387 0.10243001
0.26431280 0.10208198
0.25995862 0.10167814
0.25590992 0.10122063
0.25199765 0.10063803
0.24817967 0.09988138
0.24438584 0.09896947
0.24056202 0.09792867
0.23664761 0.09677106
0.23290592 0.09559909
0.22910362 0.09435621
0.22537577 0.09309676
0.22159332 0.09178293
0.21797729 0.09049571
0.21403450 0.08905661
0.21034479 0.08767295
0.20651829 0.08619270
0.20279974 0.08469954
0.19915277 0.08316791
0.19546080 0.08152851
0.19182634 0.07979918
0.18948287 0.07805341
0.18879163 0.07685183
0.18646836 0.07612255
0.18463308 0.07513887
0.18307006 0.07366386
0.18150911 0.07153541
