# long: 225.000  lat:  75.000

#  orbit     x     y     dmin   altMEx   inci    emer    phas    loct     Ls    MY 
ORB0413_3   118   247    6.17   5038.0   65.09   50.09   30.06    9.15   34.97  27
ORB0615_3   119   676    5.92   7939.1   53.79   75.93   67.35   10.99   60.12  27
ORB0719_1    31   788    1.21   4412.9   65.55   30.23   77.52   17.70   72.81  27
ORB0891_1     9   201    0.63   3208.9   54.31    8.66   62.75   14.70   93.94  27
ORB0902_2    11    22    1.96   3058.5   54.22    8.41   62.35   14.82   95.32  27
ORB0917_0    18  1506    2.96   5326.4   60.31   41.03   72.06   16.49   97.18  27
ORB0928_0     2  1427    2.27   5473.6   60.12   44.47   74.74   16.54   98.55  27
ORB0930_0    20   768    1.06   5200.1   68.06    3.55   70.62    5.51   98.80  27
ORB0946_2    12   239    0.69   2510.1   54.17    6.82   60.52   14.57  100.81  27
ORB0979_2    19   378    0.97   2160.5   54.22    5.60   59.21   14.37  104.97  27
ORB0987_0    21  1573    2.69   4479.8   68.42   46.93   74.29   18.45  105.98  27
ORB0991_0    19  1692    3.66   5528.7   75.32   51.30   79.60   20.44  106.48  27
ORB1001_3    26    96    0.53   1953.0   54.34    4.60   58.32   14.40  107.76  27
ORB1002_0     0  1675   18.85   5607.5   75.56   53.33   82.63   20.44  107.88  27
ORB1007_1    29    62    0.81   3687.6   69.72    5.68   74.43    5.32  108.52  27
ORB1012_3    30   174    0.73   1854.5   54.42    4.07   57.84   14.33  109.16  27
ORB1021_0     9  1855    1.93   4956.4   81.13   33.89   83.04    0.62  110.30  27
ORB1023_3    34   248    0.76   1762.2   54.50    3.55   57.44   14.26  110.57  27
ORB1029_1    26   131    1.06   3359.5   70.41    7.05   75.92    5.19  111.33  27
ORB1034_3    40   320    1.20   1675.0   54.65    2.86   56.99   14.20  111.98  27
ORB1040_1    11   163    1.22   3204.8   70.79    7.78   76.68    5.12  112.75  27
ORB1051_1     4   194    2.11   3047.4   71.17    8.51   77.27    5.06  114.16  27
ORB1056_3    52   455    0.64   1506.5   54.90    1.61   56.03   14.06  114.81  27
ORB1069_2   125    26    0.99   2948.6   78.76    7.86   73.73    2.93  116.49  27
ORB1157_1   100    29    1.22   2026.6   82.36    3.59   80.95    2.57  128.09  27
ORB2534_1   112   599    4.40   7520.1   85.77   31.17   57.08    8.10  350.16  27
ORB2593_1    42   500    2.56   9321.6   76.42   20.37   68.68   10.73  358.58  27
ORB2619_1    11   667    4.28  10071.9   75.07   29.69   71.32   13.04    2.21  28
ORB2672_0    57   207    5.21  10763.2   87.41   40.65   71.17   18.26    9.38  28
ORB2673_1   110   441    2.52  10225.9   82.25   17.09   67.52    6.91    9.64  28
ORB2675_0    15   108    1.93  10481.4   72.82   29.35   74.17   13.87    9.78  28
ORB2690_0    31   649    2.00  10264.7   79.37   32.37   75.15   16.22   11.82  28
ORB2700_0    20   789    0.85  10084.0   72.42   10.09   73.51    9.70   13.16  28
ORB2740_1    79   404    1.59   9109.7   74.75    2.87   74.92    8.20   18.51  28
ORB2752_1    16   740    1.01   8321.4   71.34   21.93   79.06   14.83   20.10  28
ORB2766_1    28   482    5.09   8450.0   67.13   11.52   77.91   10.58   21.94  28
ORB2767_1    54   783    4.17   7854.4   78.40   24.67   76.07   17.09   22.07  28
ORB2769_1   119   386    2.84   8653.6   80.83   10.42   71.49    6.19   22.33  28
ORB2800_1    73   556    3.33   5702.6   78.44   10.88   77.03   17.57   26.38  28
ORB2839_1     6   483    1.69   6038.4   67.54   18.12   77.30    8.92   31.41  28
ORB2879_1    95   193    2.73   5426.8   73.48   18.83   71.36    6.77   36.51  28
ORB2905_1    15   243    0.83   4821.9   64.67   19.10   75.67    8.88   39.79  28
ORB2956_0    30  1350    1.16   4727.1   71.27    6.01   71.10    6.12   46.17  28
ORB2972_2     9   179    1.86   2573.1   62.77    7.32   69.95   15.44   48.17  28
ORB2978_0    20  2561    2.26   4632.0   70.77    2.29   72.74    6.18   48.91  28
ORB3000_1    49   116    1.95   4292.9   70.23    3.36   73.46    6.32   51.63  28
ORB3027_3    22    56    0.64   2012.4   60.32    5.16   65.21   15.30   54.97  28
ORB3062_1   120    79    1.22   3440.1   76.65    9.07   68.67    3.93   59.27  28
ORB3077_1     7   143    2.05   3131.6   68.58    8.25   75.70    6.03   61.11  28
ORB3117_2   107   101    1.43   2763.2   75.75    6.75   70.46    3.81   66.01  28
ORB3137_0    50  3215    0.72   1211.4   56.27    2.48   54.16   14.71   68.45  28
ORB3183_0    55   695    0.77   2091.9   75.22    3.47   72.94    3.61   74.08  28
ORB3192_2    61  1812    0.28    945.0   54.66    8.62   48.24   14.52   75.18  28
ORB3260_0     0   355    0.52   1484.9   75.08    2.43   76.56    3.33   83.51  28
ORB5344_1    20  1401    0.39    592.1   61.34    0.21   61.15   13.70   38.67  29
ORB5418_0    27   231    0.43    912.7   83.46    2.11   82.64    2.56   48.10  29
ORB5454_0     4   253    0.12    772.2   82.61    0.72   82.98    2.34   52.64  29
ORB6020_1    40  1696    0.95   8598.9   69.93   71.91   66.43    6.05  124.66  29
ORB6038_1    20  1587    1.48   9955.0   69.66   75.91   71.06    6.25  127.10  29
ORB6238_4     7   246    1.27   2698.9   78.73    3.59   82.26   17.75  155.49  29
ORB7750_0    31  1138    1.10    381.4   89.10    0.73   88.38    0.19   39.53  30
ORB7791_1    35   516    5.12   4079.1   57.82   87.49   35.87   11.75   44.81  30
ORB8442_0    63   510    4.36   4544.0   69.63    4.36   65.49   17.82  129.51  30
ORB8470_4    40  1112    1.64   4940.5   65.87    2.08   67.69   15.99  133.45  30
ORB8695_0     6   657    0.75   9929.6   70.95    7.98   78.93   13.78  167.09  30
